1	1	                 ste	0	5557.000000	-1006.000000	1341.000000	286.140894	682772
1	1	          Polimaster	0	5461.000000	-1035.500000	1340.000000	80.997100	1908629
1	1	                 ste	0	5557.000000	-1006.000000	1341.000000	165.648300	2255210
1	1	                 ste	0	5557.000000	-1006.000000	1341.000000	80.997100	3667446
1	1	                 ste	0	5557.000000	-1006.000000	1341.000000	11.297170	3952186
1	1	                 ste	0	5557.000000	-1006.000000	1341.000000	61.831715	5286016
1	1	          Polimaster	0	5461.000000	-1035.500000	1340.000000	94.260654	5558532
1	1	                 ste	0	5557.000000	-1006.000000	1341.000000	30.973000	1678390
1	1	                 ste	0	5557.000000	-1006.000000	1341.000000	34.920000	2233078
1	1	             minirad	0	5401.000000	-1029.600000	1340.000000	313.077697	3428121
1	1	             minirad	0	5401.000000	-1029.600000	1340.000000	211.312989	5276090
1	1	             minirad	0	5401.000000	-1029.600000	1340.000000	80.997100	1829231
1	1	          Polimaster	0	5461.000000	-1035.500000	1340.000000	80.997100	2272905
1	1	             minirad	0	5401.000000	-1029.600000	1340.000000	184.044271	2356300
1	1	                 ste	0	5557.000000	-1006.000000	1341.000000	148.385072	2472107
1	1	             minirad	0	5401.000000	-1029.600000	1340.000000	97.280213	2935533
1	1	             minirad	0	5401.000000	-1029.600000	1340.000000	27.121751	3883577
1	1	             minirad	0	5401.000000	-1029.600000	1340.000000	179.606777	4877305
1	1	                 ste	0	5557.000000	-1006.000000	1341.000000	30.784130	5003163
1	1	          Polimaster	0	5461.000000	-1035.500000	1340.000000	30.625000	5132234
1	1	                 ste	0	5557.000000	-1006.000000	1341.000000	356.013000	301380
1	1	          Polimaster	0	5461.000000	-1035.500000	1340.000000	34.987000	682094
1	1	          Polimaster	0	5461.000000	-1035.500000	1340.000000	356.013000	832838
1	1	          Polimaster	0	5461.000000	-1035.500000	1340.000000	80.997100	1346691
1	1	             minirad	0	5401.000000	-1029.600000	1340.000000	52.729195	1839310
1	1	                 ste	0	5557.000000	-1006.000000	1341.000000	30.973000	1967128
1	1	                 ste	0	5557.000000	-1006.000000	1341.000000	95.884810	2309962
1	1	          Polimaster	0	5461.000000	-1035.500000	1340.000000	96.130125	2717710
1	1	                 ste	0	5557.000000	-1006.000000	1341.000000	302.851000	2891678
1	1	             minirad	0	5401.000000	-1029.600000	1340.000000	214.738277	3362889
1	1	             minirad	0	5401.000000	-1029.600000	1340.000000	52.262456	3455370
1	1	                 ste	0	5557.000000	-1006.000000	1341.000000	65.842875	3601975
1	1	          Polimaster	0	5461.000000	-1035.500000	1340.000000	356.013000	3656152
1	1	             minirad	0	5401.000000	-1029.600000	1340.000000	383.848000	4254007
1	1	                 ste	0	5557.000000	-1006.000000	1341.000000	80.997100	4565835
1	1	             minirad	0	5401.000000	-1029.600000	1340.000000	164.088957	5085642
1	1	             minirad	0	5401.000000	-1029.600000	1340.000000	5.494233	5170391
1	1	          Polimaster	0	5461.000000	-1035.500000	1340.000000	80.997100	508738
1	1	                 ste	0	5557.000000	-1006.000000	1341.000000	167.235621	686938
1	1	             minirad	0	5401.000000	-1029.600000	1340.000000	44.504429	984172
1	1	          Polimaster	0	5461.000000	-1035.500000	1340.000000	30.973000	1464636
1	1	          Polimaster	0	5461.000000	-1035.500000	1340.000000	271.662216	1703855
1	1	          Polimaster	0	5461.000000	-1035.500000	1340.000000	30.625000	2525156
1	1	                 ste	0	5557.000000	-1006.000000	1341.000000	158.054615	2750411
1	1	          Polimaster	0	5461.000000	-1035.500000	1340.000000	113.396048	3335774
1	1	          Polimaster	0	5461.000000	-1035.500000	1340.000000	24.553000	5405861
1	1	                 ste	0	5557.000000	-1006.000000	1341.000000	154.321363	127304
1	1	          Polimaster	0	5461.000000	-1035.500000	1340.000000	73.373669	237538
1	1	          Polimaster	0	5461.000000	-1035.500000	1340.000000	30.973000	576942
1	1	                 ste	0	5557.000000	-1006.000000	1341.000000	80.997100	1638532
1	1	          Polimaster	0	5461.000000	-1035.500000	1340.000000	356.013000	3125479
1	1	          Polimaster	0	5461.000000	-1035.500000	1340.000000	356.013000	3248838
1	1	          Polimaster	0	5461.000000	-1035.500000	1340.000000	80.997100	3266281
1	1	             minirad	0	5401.000000	-1029.600000	1340.000000	112.254715	5368173
1	1	                 ste	0	5557.000000	-1006.000000	1341.000000	356.013000	5424501
1	1	                 ste	0	5557.000000	-1006.000000	1341.000000	79.613900	5455495
1	1	          Polimaster	0	5461.000000	-1035.500000	1340.000000	30.973000	59081
1	1	          Polimaster	0	5461.000000	-1035.500000	1340.000000	356.013000	273631
1	1	                 ste	0	5557.000000	-1006.000000	1341.000000	30.973000	727736
1	1	          Polimaster	0	5461.000000	-1035.500000	1340.000000	356.013000	1339268
1	1	             minirad	0	5401.000000	-1029.600000	1340.000000	65.653004	3092133
1	1	             minirad	0	5401.000000	-1029.600000	1340.000000	80.997100	3300819
1	1	                 ste	0	5557.000000	-1006.000000	1341.000000	110.305419	3753345
1	1	          Polimaster	0	5461.000000	-1035.500000	1340.000000	212.903887	3817785
1	1	             minirad	0	5401.000000	-1029.600000	1340.000000	182.812668	4238357
1	1	          Polimaster	0	5461.000000	-1035.500000	1340.000000	31.308601	4352322
1	1	                 ste	0	5557.000000	-1006.000000	1341.000000	356.013000	4424325
1	1	                 ste	0	5557.000000	-1006.000000	1341.000000	30.625000	4694505
1	1	          Polimaster	0	5461.000000	-1035.500000	1340.000000	130.226033	41844
1	1	          Polimaster	0	5461.000000	-1035.500000	1340.000000	103.410693	335043
1	1	                 ste	0	5557.000000	-1006.000000	1341.000000	35.818000	1815739
1	1	             minirad	0	5401.000000	-1029.600000	1340.000000	30.973000	2938777
1	1	          Polimaster	0	5461.000000	-1035.500000	1340.000000	65.663769	3565733
1	1	          Polimaster	0	5461.000000	-1035.500000	1340.000000	149.540181	3651297
1	1	                 ste	0	5557.000000	-1006.000000	1341.000000	83.370250	3788071
1	1	          Polimaster	0	5461.000000	-1035.500000	1340.000000	34.987000	4107303
1	1	          Polimaster	0	5461.000000	-1035.500000	1340.000000	34.920000	4131943
1	1	          Polimaster	0	5461.000000	-1035.500000	1340.000000	80.997100	5498668
1	1	          Polimaster	0	5461.000000	-1035.500000	1340.000000	203.583464	14549
1	1	          Polimaster	0	5461.000000	-1035.500000	1340.000000	356.013000	279990
1	1	                 ste	0	5557.000000	-1006.000000	1341.000000	45.208350	326950
1	1	          Polimaster	0	5461.000000	-1035.500000	1340.000000	131.625846	1450202
1	1	                 ste	0	5557.000000	-1006.000000	1341.000000	76.189703	2740996
1	1	                 ste	0	5557.000000	-1006.000000	1341.000000	276.400000	3402351
1	1	             minirad	0	5401.000000	-1029.600000	1340.000000	30.625000	3919884
1	1	                 ste	0	5557.000000	-1006.000000	1341.000000	80.997100	4243687
1	1	          Polimaster	0	5461.000000	-1035.500000	1340.000000	64.351177	4431155
1	1	                 ste	0	5557.000000	-1006.000000	1341.000000	356.013000	4851077
1	1	                 ste	0	5557.000000	-1006.000000	1341.000000	30.973000	5539971
1	1	                 ste	0	5557.000000	-1006.000000	1341.000000	324.430716	261457
1	1	          Polimaster	0	5461.000000	-1035.500000	1340.000000	30.973000	4521646
1	1	                 ste	0	5557.000000	-1006.000000	1341.000000	89.576503	5245906
1	1	          Polimaster	0	5461.000000	-1035.500000	1340.000000	59.604690	5421365
1	1	          Polimaster	0	5461.000000	-1035.500000	1340.000000	383.848000	57117
1	1	          Polimaster	0	5461.000000	-1035.500000	1340.000000	356.013000	193930
1	1	          Polimaster	0	5461.000000	-1035.500000	1340.000000	233.677106	925230
1	1	                 ste	0	5557.000000	-1006.000000	1341.000000	147.085248	1918837
1	1	          Polimaster	0	5461.000000	-1035.500000	1340.000000	131.640132	1970235
1	1	                 ste	0	5557.000000	-1006.000000	1341.000000	50.375300	2840867
1	1	          Polimaster	0	5461.000000	-1035.500000	1340.000000	356.013000	3640141
1	1	          Polimaster	0	5461.000000	-1035.500000	1340.000000	36.197784	4629610
1	1	                 ste	0	5557.000000	-1006.000000	1341.000000	356.013000	5670539
1	1	                 ste	0	5557.000000	-1006.000000	1341.000000	356.013000	578926
1	1	          Polimaster	0	5461.000000	-1035.500000	1340.000000	34.920000	827449
1	1	                 ste	0	5557.000000	-1006.000000	1341.000000	34.987000	926388
1	1	             minirad	0	5401.000000	-1029.600000	1340.000000	158.687061	1062397
1	1	                 ste	0	5557.000000	-1006.000000	1341.000000	30.973000	1225341
1	1	                 ste	0	5557.000000	-1006.000000	1341.000000	168.088819	1450840
1	1	                 ste	0	5557.000000	-1006.000000	1341.000000	274.398183	1713286
1	1	             minirad	0	5401.000000	-1029.600000	1340.000000	80.997100	3215129
1	1	          Polimaster	0	5461.000000	-1035.500000	1340.000000	34.581208	4138518
1	1	                 ste	0	5557.000000	-1006.000000	1341.000000	175.128334	4689148
1	1	          Polimaster	0	5461.000000	-1035.500000	1340.000000	80.997100	4841781
1	1	                 ste	0	5557.000000	-1006.000000	1341.000000	30.973000	4900081
1	1	             minirad	0	5401.000000	-1029.600000	1340.000000	115.411758	5227755
1	1	             minirad	0	5401.000000	-1029.600000	1340.000000	144.963578	5336281
1	1	                 ste	0	5557.000000	-1006.000000	1341.000000	302.851000	108302
1	1	                 ste	0	5557.000000	-1006.000000	1341.000000	80.997100	156966
1	1	          Polimaster	0	5461.000000	-1035.500000	1340.000000	9.532724	442206
1	1	                 ste	0	5557.000000	-1006.000000	1341.000000	80.997100	1640456
1	1	          Polimaster	0	5461.000000	-1035.500000	1340.000000	356.013000	1833650
1	1	                 ste	0	5557.000000	-1006.000000	1341.000000	149.959952	2326488
1	1	          Polimaster	0	5461.000000	-1035.500000	1340.000000	72.763622	2507374
1	1	                 ste	0	5557.000000	-1006.000000	1341.000000	150.128023	2579324
1	1	             minirad	0	5401.000000	-1029.600000	1340.000000	302.851000	2632705
1	1	                 ste	0	5557.000000	-1006.000000	1341.000000	30.625000	2711682
1	1	             minirad	0	5401.000000	-1029.600000	1340.000000	30.625000	3428086
1	1	                 ste	0	5557.000000	-1006.000000	1341.000000	73.215094	3608429
1	1	          Polimaster	0	5461.000000	-1035.500000	1340.000000	276.400000	3731802
1	1	             minirad	0	5401.000000	-1029.600000	1340.000000	223.237000	4031096
1	1	          Polimaster	0	5461.000000	-1035.500000	1340.000000	34.987000	4630522
1	1	                 ste	0	5557.000000	-1006.000000	1341.000000	107.416612	4800798
1	1	          Polimaster	0	5461.000000	-1035.500000	1340.000000	30.625000	5152407
1	1	                 ste	0	5557.000000	-1006.000000	1341.000000	182.373149	5413906
1	1	          Polimaster	0	5461.000000	-1035.500000	1340.000000	80.997100	692335
1	1	          Polimaster	0	5461.000000	-1035.500000	1340.000000	80.997100	741474
1	1	                 ste	0	5557.000000	-1006.000000	1341.000000	236.007787	834784
1	1	          Polimaster	0	5461.000000	-1035.500000	1340.000000	30.973000	890012
1	1	                 ste	0	5557.000000	-1006.000000	1341.000000	121.363847	1389197
1	1	                 ste	0	5557.000000	-1006.000000	1341.000000	6.377500	1759658
1	1	                 ste	0	5557.000000	-1006.000000	1341.000000	80.997100	2130688
1	1	                 ste	0	5557.000000	-1006.000000	1341.000000	139.795775	2403466
1	1	                 ste	0	5557.000000	-1006.000000	1341.000000	30.973000	2460279
1	1	          Polimaster	0	5461.000000	-1035.500000	1340.000000	80.997100	2580667
1	1	          Polimaster	0	5461.000000	-1035.500000	1340.000000	146.082096	4581894
1	1	                 ste	0	5557.000000	-1006.000000	1341.000000	356.013000	4874937
1	1	             minirad	0	5401.000000	-1029.600000	1340.000000	80.997100	5355917
1	1	          Polimaster	0	5461.000000	-1035.500000	1340.000000	80.997100	75882
1	1	          Polimaster	0	5461.000000	-1035.500000	1340.000000	136.409679	221493
1	1	          Polimaster	0	5461.000000	-1035.500000	1340.000000	30.973000	292890
1	1	                 ste	0	5557.000000	-1006.000000	1341.000000	53.162500	1873213
1	1	          Polimaster	0	5461.000000	-1035.500000	1340.000000	152.145262	2691052
1	1	          Polimaster	0	5461.000000	-1035.500000	1340.000000	80.997100	3118956
1	1	                 ste	0	5557.000000	-1006.000000	1341.000000	80.997100	4475881
1	1	             minirad	0	5401.000000	-1029.600000	1340.000000	204.189342	4916280
1	1	          Polimaster	0	5461.000000	-1035.500000	1340.000000	118.594246	15445
1	1	             minirad	0	5401.000000	-1029.600000	1340.000000	80.997100	185556
1	1	                 ste	0	5557.000000	-1006.000000	1341.000000	356.013000	526654
1	1	             minirad	0	5401.000000	-1029.600000	1340.000000	125.196278	805379
1	1	             minirad	0	5401.000000	-1029.600000	1340.000000	356.013000	2340307
1	1	          Polimaster	0	5461.000000	-1035.500000	1340.000000	30.973000	3914302
1	1	             minirad	0	5401.000000	-1029.600000	1340.000000	80.997100	4748127
1	1	          Polimaster	0	5461.000000	-1035.500000	1340.000000	80.997100	4922489
1	1	                 ste	0	5557.000000	-1006.000000	1341.000000	27.742291	4983973
1	1	          Polimaster	0	5461.000000	-1035.500000	1340.000000	45.996420	5069312
1	1	          Polimaster	0	5461.000000	-1035.500000	1340.000000	121.639240	419406
1	1	                 ste	0	5557.000000	-1006.000000	1341.000000	41.966522	437429
1	1	                 ste	0	5557.000000	-1006.000000	1341.000000	73.163994	1332140
1	1	                 ste	0	5557.000000	-1006.000000	1341.000000	356.013000	1607937
1	1	          Polimaster	0	5461.000000	-1035.500000	1340.000000	28.341315	1866624
1	1	             minirad	0	5401.000000	-1029.600000	1340.000000	108.620815	2059626
1	1	          Polimaster	0	5461.000000	-1035.500000	1340.000000	184.988554	2776472
1	1	             minirad	0	5401.000000	-1029.600000	1340.000000	151.355353	3318542
1	1	                 ste	0	5557.000000	-1006.000000	1341.000000	57.947937	3382109
1	1	          Polimaster	0	5461.000000	-1035.500000	1340.000000	356.013000	3689662
1	1	          Polimaster	0	5461.000000	-1035.500000	1340.000000	80.997100	4244178
1	1	          Polimaster	0	5461.000000	-1035.500000	1340.000000	30.625000	4395519
1	1	                 ste	0	5557.000000	-1006.000000	1341.000000	107.205069	4666047
1	1	          Polimaster	0	5461.000000	-1035.500000	1340.000000	285.725644	4924122
1	1	          Polimaster	0	5461.000000	-1035.500000	1340.000000	268.091230	4994073
1	1	             minirad	0	5401.000000	-1029.600000	1340.000000	34.920000	5530980
1	1	          Polimaster	0	5461.000000	-1035.500000	1340.000000	149.877047	691754
1	1	          Polimaster	0	5461.000000	-1035.500000	1340.000000	77.170780	881716
1	1	          Polimaster	0	5461.000000	-1035.500000	1340.000000	276.400000	1509645
1	1	                 ste	0	5557.000000	-1006.000000	1341.000000	78.850340	2281608
1	1	          Polimaster	0	5461.000000	-1035.500000	1340.000000	157.153387	2688022
1	1	                 ste	0	5557.000000	-1006.000000	1341.000000	97.275484	4007205
1	1	          Polimaster	0	5461.000000	-1035.500000	1340.000000	30.973000	4566073
1	1	                 ste	0	5557.000000	-1006.000000	1341.000000	323.525623	4844609
1	1	          Polimaster	0	5461.000000	-1035.500000	1340.000000	146.309107	5209905
1	1	          Polimaster	0	5461.000000	-1035.500000	1340.000000	59.065851	5383722
1	1	                 ste	0	5557.000000	-1006.000000	1341.000000	80.997100	679541
1	1	          Polimaster	0	5461.000000	-1035.500000	1340.000000	356.013000	1432695
1	1	                 ste	0	5557.000000	-1006.000000	1341.000000	30.973000	1442377
1	1	             minirad	0	5401.000000	-1029.600000	1340.000000	11.700004	1593511
1	1	                 ste	0	5557.000000	-1006.000000	1341.000000	193.665493	1750914
1	1	             minirad	0	5401.000000	-1029.600000	1340.000000	30.973000	2157014
1	1	          Polimaster	0	5461.000000	-1035.500000	1340.000000	157.498819	2188558
1	1	                 ste	0	5557.000000	-1006.000000	1341.000000	80.997100	2331150
1	1	             minirad	0	5401.000000	-1029.600000	1340.000000	111.949825	2715429
1	1	                 ste	0	5557.000000	-1006.000000	1341.000000	302.851000	3706793
1	1	             minirad	0	5401.000000	-1029.600000	1340.000000	80.997100	4430337
1	1	                 ste	0	5557.000000	-1006.000000	1341.000000	80.997100	5294374
1	1	          Polimaster	0	5461.000000	-1035.500000	1340.000000	30.973000	5311036
1	1	                 ste	0	5557.000000	-1006.000000	1341.000000	106.649147	5567840
1	1	                 ste	0	5557.000000	-1006.000000	1341.000000	138.177347	5644153
1	1	             minirad	0	5401.000000	-1029.600000	1340.000000	30.625000	5669479
1	1	                 ste	0	5557.000000	-1006.000000	1341.000000	118.567261	522683
1	1	                 ste	0	5557.000000	-1006.000000	1341.000000	120.345055	570102
1	1	          Polimaster	0	5461.000000	-1035.500000	1340.000000	63.206849	1271963
1	1	          Polimaster	0	5461.000000	-1035.500000	1340.000000	160.611000	2566054
1	1	          Polimaster	0	5461.000000	-1035.500000	1340.000000	80.997100	2874752
1	1	                 ste	0	5557.000000	-1006.000000	1341.000000	79.072463	5097142
1	1	          Polimaster	0	5461.000000	-1035.500000	1340.000000	76.853864	5224638
1	1	          Polimaster	0	5461.000000	-1035.500000	1340.000000	30.625000	5415009
1	1	          Polimaster	0	5461.000000	-1035.500000	1340.000000	85.791838	615634
1	1	                 ste	0	5557.000000	-1006.000000	1341.000000	52.715711	952701
1	1	                 ste	0	5557.000000	-1006.000000	1341.000000	275.345635	1101998
1	1	             minirad	0	5401.000000	-1029.600000	1340.000000	64.837520	3088517
1	1	          Polimaster	0	5461.000000	-1035.500000	1340.000000	55.638245	3941431
1	1	                 ste	0	5557.000000	-1006.000000	1341.000000	356.013000	4069619
1	1	          Polimaster	0	5461.000000	-1035.500000	1340.000000	101.896264	4329448
1	1	                 ste	0	5557.000000	-1006.000000	1341.000000	34.987000	4431328
1	1	                 ste	0	5557.000000	-1006.000000	1341.000000	80.997100	5001554
1	1	          Polimaster	0	5461.000000	-1035.500000	1340.000000	30.973000	761905
1	1	          Polimaster	0	5461.000000	-1035.500000	1340.000000	165.439351	1070781
1	1	                 ste	0	5557.000000	-1006.000000	1341.000000	144.570190	1742906
1	1	                 ste	0	5557.000000	-1006.000000	1341.000000	68.190005	1927274
1	1	          Polimaster	0	5461.000000	-1035.500000	1340.000000	139.423280	2273800
1	1	                 ste	0	5557.000000	-1006.000000	1341.000000	203.806983	3203435
1	1	          Polimaster	0	5461.000000	-1035.500000	1340.000000	30.973000	3649751
1	1	          Polimaster	0	5461.000000	-1035.500000	1340.000000	32.198732	3860458
1	1	          Polimaster	0	5461.000000	-1035.500000	1340.000000	80.997100	4280175
1	1	             minirad	0	5401.000000	-1029.600000	1340.000000	52.387600	5428773
1	1	          Polimaster	0	5461.000000	-1035.500000	1340.000000	195.265589	5610138
1	1	             minirad	0	5401.000000	-1029.600000	1340.000000	356.013000	188077
1	1	          Polimaster	0	5461.000000	-1035.500000	1340.000000	102.732453	298974
1	1	             minirad	0	5401.000000	-1029.600000	1340.000000	131.570735	1445255
1	1	                 ste	0	5557.000000	-1006.000000	1341.000000	176.585157	2602833
1	1	          Polimaster	0	5461.000000	-1035.500000	1340.000000	30.625000	2674354
1	1	          Polimaster	0	5461.000000	-1035.500000	1340.000000	114.115159	2979838
1	1	                 ste	0	5557.000000	-1006.000000	1341.000000	190.617914	3782474
1	1	                 ste	0	5557.000000	-1006.000000	1341.000000	150.620668	5581083
1	1	                 ste	0	5557.000000	-1006.000000	1341.000000	30.973000	781649
1	1	          Polimaster	0	5461.000000	-1035.500000	1340.000000	80.997100	2816816
1	1	          Polimaster	0	5461.000000	-1035.500000	1340.000000	356.013000	3312675
1	1	             minirad	0	5401.000000	-1029.600000	1340.000000	87.824431	5294769
1	1	                 ste	0	5557.000000	-1006.000000	1341.000000	76.582533	981340
1	1	             minirad	0	5401.000000	-1029.600000	1340.000000	34.920000	1057693
1	1	          Polimaster	0	5461.000000	-1035.500000	1340.000000	173.548638	1190701
1	1	          Polimaster	0	5461.000000	-1035.500000	1340.000000	80.997100	1795280
1	1	                 ste	0	5557.000000	-1006.000000	1341.000000	30.973000	2175327
1	1	                 ste	0	5557.000000	-1006.000000	1341.000000	30.973000	2620393
1	1	          Polimaster	0	5461.000000	-1035.500000	1340.000000	30.973000	3345086
1	1	                 ste	0	5557.000000	-1006.000000	1341.000000	80.997100	3472908
1	1	             minirad	0	5401.000000	-1029.600000	1340.000000	30.973000	3841123
1	1	                 ste	0	5557.000000	-1006.000000	1341.000000	356.013000	4234609
1	1	          Polimaster	0	5461.000000	-1035.500000	1340.000000	5.450403	5142642
1	1	                 ste	0	5557.000000	-1006.000000	1341.000000	122.414567	125386
1	1	                 ste	0	5557.000000	-1006.000000	1341.000000	30.973000	331288
1	1	          Polimaster	0	5461.000000	-1035.500000	1340.000000	356.013000	473612
1	1	          Polimaster	0	5461.000000	-1035.500000	1340.000000	35.818000	762650
1	1	                 ste	0	5557.000000	-1006.000000	1341.000000	27.695068	815252
1	1	             minirad	0	5401.000000	-1029.600000	1340.000000	112.857692	1198159
1	1	                 ste	0	5557.000000	-1006.000000	1341.000000	177.086792	1419047
1	1	                 ste	0	5557.000000	-1006.000000	1341.000000	29.958281	1764663
1	1	          Polimaster	0	5461.000000	-1035.500000	1340.000000	30.973000	2949513
1	1	          Polimaster	0	5461.000000	-1035.500000	1340.000000	30.625000	3193333
1	1	             minirad	0	5401.000000	-1029.600000	1340.000000	55.018645	3389742
1	1	          Polimaster	0	5461.000000	-1035.500000	1340.000000	356.013000	3901996
1	1	             minirad	0	5401.000000	-1029.600000	1340.000000	193.144347	4925041
1	1	          Polimaster	0	5461.000000	-1035.500000	1340.000000	150.342912	5163041
1	1	             minirad	0	5401.000000	-1029.600000	1340.000000	50.059473	5499699
1	1	             minirad	0	5401.000000	-1029.600000	1340.000000	83.791776	5529827
1	1	          Polimaster	0	5461.000000	-1035.500000	1340.000000	126.467320	5539310
1	1	          Polimaster	0	5461.000000	-1035.500000	1340.000000	80.997100	912951
1	1	          Polimaster	0	5461.000000	-1035.500000	1340.000000	34.987000	1057205
1	1	                 ste	0	5557.000000	-1006.000000	1341.000000	77.565848	1308116
1	1	          Polimaster	0	5461.000000	-1035.500000	1340.000000	71.187467	1928558
1	1	             minirad	0	5401.000000	-1029.600000	1340.000000	30.973000	2010034
1	1	          Polimaster	0	5461.000000	-1035.500000	1340.000000	80.997100	2227385
1	1	                 ste	0	5557.000000	-1006.000000	1341.000000	74.603814	2228632
1	1	          Polimaster	0	5461.000000	-1035.500000	1340.000000	27.710927	2776986
1	1	             minirad	0	5401.000000	-1029.600000	1340.000000	108.644929	3833146
1	1	                 ste	0	5557.000000	-1006.000000	1341.000000	97.499648	5170263
1	1	          Polimaster	0	5461.000000	-1035.500000	1340.000000	148.834506	5196909
1	1	          Polimaster	0	5461.000000	-1035.500000	1340.000000	149.858952	5428794
1	1	                 ste	0	5557.000000	-1006.000000	1341.000000	30.973000	5661555
1	1	          Polimaster	0	5461.000000	-1035.500000	1340.000000	66.101209	1524016
1	1	                 ste	0	5557.000000	-1006.000000	1341.000000	163.197464	2339420
1	1	          Polimaster	0	5461.000000	-1035.500000	1340.000000	27.397533	4062200
1	1	                 ste	0	5557.000000	-1006.000000	1341.000000	69.274721	4263308
1	1	          Polimaster	0	5461.000000	-1035.500000	1340.000000	80.997100	4738192
1	1	          Polimaster	0	5461.000000	-1035.500000	1340.000000	356.013000	257930
1	1	          Polimaster	0	5461.000000	-1035.500000	1340.000000	30.973000	1067082
1	1	             minirad	0	5401.000000	-1029.600000	1340.000000	80.813767	1387655
1	1	          Polimaster	0	5461.000000	-1035.500000	1340.000000	80.997100	1414098
1	1	                 ste	0	5557.000000	-1006.000000	1341.000000	106.930326	1796901
1	1	                 ste	0	5557.000000	-1006.000000	1341.000000	210.494812	2315971
1	1	             minirad	0	5401.000000	-1029.600000	1340.000000	74.304060	2364749
1	1	                 ste	0	5557.000000	-1006.000000	1341.000000	356.013000	2663481
1	1	          Polimaster	0	5461.000000	-1035.500000	1340.000000	185.553298	2842197
1	1	             minirad	0	5401.000000	-1029.600000	1340.000000	149.605384	3286050
1	1	                 ste	0	5557.000000	-1006.000000	1341.000000	27.662972	1903983
1	1	          Polimaster	0	5461.000000	-1035.500000	1340.000000	30.973000	2077742
1	1	          Polimaster	0	5461.000000	-1035.500000	1340.000000	80.997100	2193872
1	1	             minirad	0	5401.000000	-1029.600000	1340.000000	141.758217	2967273
1	1	          Polimaster	0	5461.000000	-1035.500000	1340.000000	176.785343	3958321
1	1	          Polimaster	0	5461.000000	-1035.500000	1340.000000	118.982372	4409768
1	1	          Polimaster	0	5461.000000	-1035.500000	1340.000000	76.427856	4556457
1	1	             minirad	0	5401.000000	-1029.600000	1340.000000	30.973000	5082993
1	1	                 ste	0	5557.000000	-1006.000000	1341.000000	34.920000	5358973
1	1	             minirad	0	5401.000000	-1029.600000	1340.000000	157.950944	10187
1	1	                 ste	0	5557.000000	-1006.000000	1341.000000	80.997100	312510
1	1	          Polimaster	0	5461.000000	-1035.500000	1340.000000	302.851000	3217220
1	1	                 ste	0	5557.000000	-1006.000000	1341.000000	14.371905	3376028
1	1	             minirad	0	5401.000000	-1029.600000	1340.000000	30.625000	4020905
1	1	          Polimaster	0	5461.000000	-1035.500000	1340.000000	30.973000	4297724
1	1	                 ste	0	5557.000000	-1006.000000	1341.000000	71.563770	4386963
1	1	             minirad	0	5401.000000	-1029.600000	1340.000000	78.817721	4982573
1	1	          Polimaster	0	5461.000000	-1035.500000	1340.000000	80.997100	5339019
1	1	             minirad	0	5401.000000	-1029.600000	1340.000000	60.018284	5574317
1	1	                 ste	0	5557.000000	-1006.000000	1341.000000	175.425474	5643088
1	1	          Polimaster	0	5461.000000	-1035.500000	1340.000000	131.714387	1710255
1	1	             minirad	0	5401.000000	-1029.600000	1340.000000	14.246598	1755104
1	1	          Polimaster	0	5461.000000	-1035.500000	1340.000000	159.806883	1816863
1	1	          Polimaster	0	5461.000000	-1035.500000	1340.000000	356.013000	2026934
1	1	             minirad	0	5401.000000	-1029.600000	1340.000000	30.973000	2109315
1	1	          Polimaster	0	5461.000000	-1035.500000	1340.000000	259.121491	2949075
1	1	          Polimaster	0	5461.000000	-1035.500000	1340.000000	35.818000	3431303
1	1	             minirad	0	5401.000000	-1029.600000	1340.000000	161.568161	5218503
1	1	             minirad	0	5401.000000	-1029.600000	1340.000000	62.132343	38739
1	1	          Polimaster	0	5461.000000	-1035.500000	1340.000000	356.013000	3053175
1	1	          Polimaster	0	5461.000000	-1035.500000	1340.000000	211.106078	4716570
1	1	          Polimaster	0	5461.000000	-1035.500000	1340.000000	30.973000	4972684
1	1	                 ste	0	5557.000000	-1006.000000	1341.000000	80.997100	5087200
1	1	                 ste	0	5557.000000	-1006.000000	1341.000000	73.776290	5392285
1	1	                 ste	0	5557.000000	-1006.000000	1341.000000	233.121005	312264
1	1	             minirad	0	5401.000000	-1029.600000	1340.000000	30.973000	331217
1	1	                 ste	0	5557.000000	-1006.000000	1341.000000	36.539583	4367323
1	1	                 ste	0	5557.000000	-1006.000000	1341.000000	356.013000	5122655
1	1	          Polimaster	0	5461.000000	-1035.500000	1340.000000	157.990605	461127
1	1	             minirad	0	5401.000000	-1029.600000	1340.000000	177.211399	1090469
1	1	          Polimaster	0	5461.000000	-1035.500000	1340.000000	302.851000	1448325
1	1	          Polimaster	0	5461.000000	-1035.500000	1340.000000	70.401221	2407664
1	1	             minirad	0	5401.000000	-1029.600000	1340.000000	120.418596	3015632
1	1	          Polimaster	0	5461.000000	-1035.500000	1340.000000	30.625000	3338764
1	1	          Polimaster	0	5461.000000	-1035.500000	1340.000000	175.138195	3531594
1	1	             minirad	0	5401.000000	-1029.600000	1340.000000	160.611000	4060848
1	1	          Polimaster	0	5461.000000	-1035.500000	1340.000000	65.596603	4109105
1	1	          Polimaster	0	5461.000000	-1035.500000	1340.000000	356.013000	4832416
1	1	          Polimaster	0	5461.000000	-1035.500000	1340.000000	27.587141	5064758
1	1	          Polimaster	0	5461.000000	-1035.500000	1340.000000	276.400000	5456800
1	1	             minirad	0	5401.000000	-1029.600000	1340.000000	30.973000	371459
1	1	                 ste	0	5557.000000	-1006.000000	1341.000000	138.754651	539280
1	1	          Polimaster	0	5461.000000	-1035.500000	1340.000000	96.748172	1365151
1	1	                 ste	0	5557.000000	-1006.000000	1341.000000	79.458261	1935367
1	1	                 ste	0	5557.000000	-1006.000000	1341.000000	30.973000	2224503
1	1	             minirad	0	5401.000000	-1029.600000	1340.000000	142.022992	2444558
1	1	          Polimaster	0	5461.000000	-1035.500000	1340.000000	356.013000	2521341
1	1	          Polimaster	0	5461.000000	-1035.500000	1340.000000	155.259916	2940198
1	1	          Polimaster	0	5461.000000	-1035.500000	1340.000000	30.835852	3214993
1	1	          Polimaster	0	5461.000000	-1035.500000	1340.000000	80.997100	3263731
1	1	                 ste	0	5557.000000	-1006.000000	1341.000000	80.997100	3426957
1	1	                 ste	0	5557.000000	-1006.000000	1341.000000	305.085614	4758395
1	1	          Polimaster	0	5461.000000	-1035.500000	1340.000000	104.312315	5508742
1	1	                 ste	0	5557.000000	-1006.000000	1341.000000	30.625000	5602671
1	1	          Polimaster	0	5461.000000	-1035.500000	1340.000000	154.968151	1695490
1	1	          Polimaster	0	5461.000000	-1035.500000	1340.000000	30.973000	2026151
1	1	          Polimaster	0	5461.000000	-1035.500000	1340.000000	356.013000	2039046
1	1	          Polimaster	0	5461.000000	-1035.500000	1340.000000	80.997100	2279241
1	1	                 ste	0	5557.000000	-1006.000000	1341.000000	52.387600	2561197
1	1	                 ste	0	5557.000000	-1006.000000	1341.000000	30.625000	2871831
1	1	             minirad	0	5401.000000	-1029.600000	1340.000000	79.393699	366682
1	1	                 ste	0	5557.000000	-1006.000000	1341.000000	80.997100	395665
1	1	          Polimaster	0	5461.000000	-1035.500000	1340.000000	26.359745	603710
1	1	          Polimaster	0	5461.000000	-1035.500000	1340.000000	70.784264	722038
1	1	          Polimaster	0	5461.000000	-1035.500000	1340.000000	192.860550	1080240
1	1	                 ste	0	5557.000000	-1006.000000	1341.000000	137.370938	1515297
1	1	          Polimaster	0	5461.000000	-1035.500000	1340.000000	348.111460	1547286
1	1	          Polimaster	0	5461.000000	-1035.500000	1340.000000	76.199952	1900330
1	1	          Polimaster	0	5461.000000	-1035.500000	1340.000000	83.377653	2512615
1	1	          Polimaster	0	5461.000000	-1035.500000	1340.000000	80.997100	4202170
1	1	          Polimaster	0	5461.000000	-1035.500000	1340.000000	153.764659	4441422
1	1	                 ste	0	5557.000000	-1006.000000	1341.000000	30.973000	5380640
1	1	          Polimaster	0	5461.000000	-1035.500000	1340.000000	155.888766	1232929
1	1	                 ste	0	5557.000000	-1006.000000	1341.000000	356.013000	1404731
1	1	                 ste	0	5557.000000	-1006.000000	1341.000000	80.997100	1503104
1	1	          Polimaster	0	5461.000000	-1035.500000	1340.000000	128.998947	1532182
1	1	          Polimaster	0	5461.000000	-1035.500000	1340.000000	75.706691	1572202
1	1	          Polimaster	0	5461.000000	-1035.500000	1340.000000	92.601732	1741953
1	1	             minirad	0	5401.000000	-1029.600000	1340.000000	149.439409	1940671
1	1	          Polimaster	0	5461.000000	-1035.500000	1340.000000	266.907425	1990179
1	1	          Polimaster	0	5461.000000	-1035.500000	1340.000000	30.973000	2540520
1	1	                 ste	0	5557.000000	-1006.000000	1341.000000	34.920000	2586311
1	1	          Polimaster	0	5461.000000	-1035.500000	1340.000000	30.973000	3352687
1	1	             minirad	0	5401.000000	-1029.600000	1340.000000	98.672545	3567212
1	1	             minirad	0	5401.000000	-1029.600000	1340.000000	30.625000	3611990
1	1	          Polimaster	0	5461.000000	-1035.500000	1340.000000	76.227421	3987775
1	1	          Polimaster	0	5461.000000	-1035.500000	1340.000000	148.196304	4567140
1	1	          Polimaster	0	5461.000000	-1035.500000	1340.000000	54.503488	4826508
1	1	             minirad	0	5401.000000	-1029.600000	1340.000000	170.995804	4853340
1	1	                 ste	0	5557.000000	-1006.000000	1341.000000	174.096544	5401827
1	1	                 ste	0	5557.000000	-1006.000000	1341.000000	80.997100	5555910
1	1	                 ste	0	5557.000000	-1006.000000	1341.000000	34.987000	54756
1	1	                 ste	0	5557.000000	-1006.000000	1341.000000	63.963141	253714
1	1	          Polimaster	0	5461.000000	-1035.500000	1340.000000	28.965359	509872
1	1	                 ste	0	5557.000000	-1006.000000	1341.000000	147.373729	3255553
1	1	                 ste	0	5557.000000	-1006.000000	1341.000000	274.019425	3743247
1	1	                 ste	0	5557.000000	-1006.000000	1341.000000	50.375300	3931588
1	1	                 ste	0	5557.000000	-1006.000000	1341.000000	98.465128	4542526
1	1	          Polimaster	0	5461.000000	-1035.500000	1340.000000	227.635834	463122
1	1	                 ste	0	5557.000000	-1006.000000	1341.000000	30.625000	594278
1	1	                 ste	0	5557.000000	-1006.000000	1341.000000	33.326989	1524905
1	1	             minirad	0	5401.000000	-1029.600000	1340.000000	30.973000	1852475
1	1	             minirad	0	5401.000000	-1029.600000	1340.000000	30.973000	2291115
1	1	                 ste	0	5557.000000	-1006.000000	1341.000000	178.705381	3354205
1	1	          Polimaster	0	5461.000000	-1035.500000	1340.000000	80.997100	3620621
1	1	          Polimaster	0	5461.000000	-1035.500000	1340.000000	63.652225	4360385
1	1	                 ste	0	5557.000000	-1006.000000	1341.000000	29.860446	4687024
1	1	             minirad	0	5401.000000	-1029.600000	1340.000000	30.685732	4792892
1	1	          Polimaster	0	5461.000000	-1035.500000	1340.000000	57.916636	4878143
1	1	          Polimaster	0	5461.000000	-1035.500000	1340.000000	73.548827	4953793
1	1	                 ste	0	5557.000000	-1006.000000	1341.000000	204.016259	6407
1	1	          Polimaster	0	5461.000000	-1035.500000	1340.000000	356.013000	750471
1	1	                 ste	0	5557.000000	-1006.000000	1341.000000	29.570973	2440613
1	1	          Polimaster	0	5461.000000	-1035.500000	1340.000000	297.326279	2858530
1	1	          Polimaster	0	5461.000000	-1035.500000	1340.000000	80.997100	3153824
1	1	                 ste	0	5557.000000	-1006.000000	1341.000000	82.460483	3561047
1	1	             minirad	0	5401.000000	-1029.600000	1340.000000	34.920000	3806065
1	1	             minirad	0	5401.000000	-1029.600000	1340.000000	56.805886	3972366
1	1	                 ste	0	5557.000000	-1006.000000	1341.000000	83.003736	4150377
1	1	                 ste	0	5557.000000	-1006.000000	1341.000000	90.130261	4914519
1	1	             minirad	0	5401.000000	-1029.600000	1340.000000	302.851000	210422
1	1	          Polimaster	0	5461.000000	-1035.500000	1340.000000	356.013000	471532
1	1	          Polimaster	0	5461.000000	-1035.500000	1340.000000	138.851824	475132
1	1	          Polimaster	0	5461.000000	-1035.500000	1340.000000	34.920000	944615
1	1	             minirad	0	5401.000000	-1029.600000	1340.000000	80.997100	965878
1	1	          Polimaster	0	5461.000000	-1035.500000	1340.000000	302.851000	1304033
1	1	          Polimaster	0	5461.000000	-1035.500000	1340.000000	30.625000	2299983
1	1	             minirad	0	5401.000000	-1029.600000	1340.000000	30.625000	2394302
1	1	          Polimaster	0	5461.000000	-1035.500000	1340.000000	80.997100	2674934
1	1	             minirad	0	5401.000000	-1029.600000	1340.000000	255.275027	3442439
1	1	          Polimaster	0	5461.000000	-1035.500000	1340.000000	79.051768	3835239
1	1	                 ste	0	5557.000000	-1006.000000	1341.000000	150.968397	4400628
1	1	          Polimaster	0	5461.000000	-1035.500000	1340.000000	30.973000	4704974
1	1	                 ste	0	5557.000000	-1006.000000	1341.000000	30.973000	4867137
1	1	             minirad	0	5401.000000	-1029.600000	1340.000000	327.011845	5079446
1	1	          Polimaster	0	5461.000000	-1035.500000	1340.000000	276.400000	5349981
1	1	                 ste	0	5557.000000	-1006.000000	1341.000000	62.022065	26482
1	1	          Polimaster	0	5461.000000	-1035.500000	1340.000000	156.036797	299689
1	1	                 ste	0	5557.000000	-1006.000000	1341.000000	356.013000	701654
1	1	                 ste	0	5557.000000	-1006.000000	1341.000000	80.997100	920291
1	1	             minirad	0	5401.000000	-1029.600000	1340.000000	276.400000	1053579
1	1	          Polimaster	0	5461.000000	-1035.500000	1340.000000	63.270137	1478847
1	1	                 ste	0	5557.000000	-1006.000000	1341.000000	356.013000	1598103
1	1	             minirad	0	5401.000000	-1029.600000	1340.000000	79.613900	1827448
1	1	                 ste	0	5557.000000	-1006.000000	1341.000000	30.973000	2900324
1	1	          Polimaster	0	5461.000000	-1035.500000	1340.000000	143.606593	4217723
1	1	          Polimaster	0	5461.000000	-1035.500000	1340.000000	80.997100	4790109
1	1	          Polimaster	0	5461.000000	-1035.500000	1340.000000	80.997100	4942283
1	1	             minirad	0	5401.000000	-1029.600000	1340.000000	30.973000	5237977
1	1	                 ste	0	5557.000000	-1006.000000	1341.000000	113.887413	5389182
1	1	             minirad	0	5401.000000	-1029.600000	1340.000000	47.975643	598411
1	1	          Polimaster	0	5461.000000	-1035.500000	1340.000000	30.973000	804170
1	1	          Polimaster	0	5461.000000	-1035.500000	1340.000000	146.597938	966469
1	1	             minirad	0	5401.000000	-1029.600000	1340.000000	80.997100	1192402
1	1	                 ste	0	5557.000000	-1006.000000	1341.000000	123.722576	1207938
1	1	                 ste	0	5557.000000	-1006.000000	1341.000000	53.909938	1280146
1	1	                 ste	0	5557.000000	-1006.000000	1341.000000	80.997100	1501645
1	1	          Polimaster	0	5461.000000	-1035.500000	1340.000000	72.746000	1503258
1	1	          Polimaster	0	5461.000000	-1035.500000	1340.000000	63.471530	4340113
1	1	                 ste	0	5557.000000	-1006.000000	1341.000000	30.973000	4511896
1	1	          Polimaster	0	5461.000000	-1035.500000	1340.000000	89.898334	4687092
1	1	                 ste	0	5557.000000	-1006.000000	1341.000000	30.625000	5027727
1	1	                 ste	0	5557.000000	-1006.000000	1341.000000	123.495160	836022
1	1	          Polimaster	0	5461.000000	-1035.500000	1340.000000	80.997100	1127725
1	1	             minirad	0	5401.000000	-1029.600000	1340.000000	222.852122	1275916
1	1	          Polimaster	0	5461.000000	-1035.500000	1340.000000	30.878885	1650905
1	1	             minirad	0	5401.000000	-1029.600000	1340.000000	163.085213	2124112
1	1	             minirad	0	5401.000000	-1029.600000	1340.000000	356.013000	3185153
1	1	             minirad	0	5401.000000	-1029.600000	1340.000000	58.854735	3348815
1	1	                 ste	0	5557.000000	-1006.000000	1341.000000	79.613900	3385151
1	1	          Polimaster	0	5461.000000	-1035.500000	1340.000000	174.522698	3596698
1	1	             minirad	0	5401.000000	-1029.600000	1340.000000	79.613900	4306479
1	1	          Polimaster	0	5461.000000	-1035.500000	1340.000000	74.812366	4366587
1	1	          Polimaster	0	5461.000000	-1035.500000	1340.000000	63.982468	4421475
1	1	          Polimaster	0	5461.000000	-1035.500000	1340.000000	30.973000	4505293
1	1	          Polimaster	0	5461.000000	-1035.500000	1340.000000	80.997100	4593629
1	1	             minirad	0	5401.000000	-1029.600000	1340.000000	163.660697	4688674
1	1	                 ste	0	5557.000000	-1006.000000	1341.000000	80.997100	5301189
1	1	          Polimaster	0	5461.000000	-1035.500000	1340.000000	25.983888	5491026
1	1	          Polimaster	0	5461.000000	-1035.500000	1340.000000	356.013000	5519219
1	1	          Polimaster	0	5461.000000	-1035.500000	1340.000000	69.933669	387185
1	1	             minirad	0	5401.000000	-1029.600000	1340.000000	142.199772	1069906
1	1	             minirad	0	5401.000000	-1029.600000	1340.000000	80.997100	1446998
1	1	                 ste	0	5557.000000	-1006.000000	1341.000000	53.162500	2189953
1	1	                 ste	0	5557.000000	-1006.000000	1341.000000	53.162500	2247572
1	1	                 ste	0	5557.000000	-1006.000000	1341.000000	356.013000	2497577
1	1	          Polimaster	0	5461.000000	-1035.500000	1340.000000	44.779203	2839857
1	1	          Polimaster	0	5461.000000	-1035.500000	1340.000000	383.848000	2906424
1	1	                 ste	0	5557.000000	-1006.000000	1341.000000	60.718334	3660934
1	1	          Polimaster	0	5461.000000	-1035.500000	1340.000000	30.157749	3686347
1	1	             minirad	0	5401.000000	-1029.600000	1340.000000	30.973000	3730665
1	1	             minirad	0	5401.000000	-1029.600000	1340.000000	120.611036	3839932
1	1	          Polimaster	0	5461.000000	-1035.500000	1340.000000	231.271385	4615329
1	1	                 ste	0	5557.000000	-1006.000000	1341.000000	150.517346	4695036
1	1	             minirad	0	5401.000000	-1029.600000	1340.000000	33.722754	4789273
1	1	          Polimaster	0	5461.000000	-1035.500000	1340.000000	98.056558	4968610
1	1	             minirad	0	5401.000000	-1029.600000	1340.000000	30.973000	561328
1	1	             minirad	0	5401.000000	-1029.600000	1340.000000	80.997100	853384
1	1	                 ste	0	5557.000000	-1006.000000	1341.000000	230.464592	2631058
1	1	          Polimaster	0	5461.000000	-1035.500000	1340.000000	356.013000	3231636
1	1	          Polimaster	0	5461.000000	-1035.500000	1340.000000	110.087410	3630403
1	1	          Polimaster	0	5461.000000	-1035.500000	1340.000000	30.625000	4127332
1	1	                 ste	0	5557.000000	-1006.000000	1341.000000	61.691410	4598506
1	1	                 ste	0	5557.000000	-1006.000000	1341.000000	30.561174	4667216
1	1	          Polimaster	0	5461.000000	-1035.500000	1340.000000	64.392601	4976247
1	1	                 ste	0	5557.000000	-1006.000000	1341.000000	302.851000	683183
1	1	          Polimaster	0	5461.000000	-1035.500000	1340.000000	112.393731	1601745
1	1	          Polimaster	0	5461.000000	-1035.500000	1340.000000	63.702780	2241426
1	1	             minirad	0	5401.000000	-1029.600000	1340.000000	29.567537	2785315
1	1	                 ste	0	5557.000000	-1006.000000	1341.000000	106.088481	3214364
1	1	          Polimaster	0	5461.000000	-1035.500000	1340.000000	34.910326	3712914
1	1	                 ste	0	5557.000000	-1006.000000	1341.000000	30.625000	3923180
1	1	                 ste	0	5557.000000	-1006.000000	1341.000000	174.279787	4148663
1	1	          Polimaster	0	5461.000000	-1035.500000	1340.000000	127.036809	5346871
1	1	                 ste	0	5557.000000	-1006.000000	1341.000000	80.997100	5525260
1	1	          Polimaster	0	5461.000000	-1035.500000	1340.000000	30.973000	177091
1	1	          Polimaster	0	5461.000000	-1035.500000	1340.000000	11.774550	833488
1	1	             minirad	0	5401.000000	-1029.600000	1340.000000	67.453175	1002698
1	1	                 ste	0	5557.000000	-1006.000000	1341.000000	138.257613	1811364
1	1	             minirad	0	5401.000000	-1029.600000	1340.000000	170.517576	2703907
1	1	                 ste	0	5557.000000	-1006.000000	1341.000000	140.088651	3041218
1	1	                 ste	0	5557.000000	-1006.000000	1341.000000	80.997100	3222097
1	1	             minirad	0	5401.000000	-1029.600000	1340.000000	73.621203	3252822
1	1	             minirad	0	5401.000000	-1029.600000	1340.000000	80.997100	3362248
1	1	                 ste	0	5557.000000	-1006.000000	1341.000000	281.943058	3390546
1	1	                 ste	0	5557.000000	-1006.000000	1341.000000	87.605302	3915467
1	1	                 ste	0	5557.000000	-1006.000000	1341.000000	80.997100	4305947
1	1	          Polimaster	0	5461.000000	-1035.500000	1340.000000	177.926935	4781142
1	1	          Polimaster	0	5461.000000	-1035.500000	1340.000000	134.766673	5530655
1	1	          Polimaster	0	5461.000000	-1035.500000	1340.000000	356.013000	41825
1	1	                 ste	0	5557.000000	-1006.000000	1341.000000	302.851000	743631
1	1	          Polimaster	0	5461.000000	-1035.500000	1340.000000	276.400000	1071868
1	1	                 ste	0	5557.000000	-1006.000000	1341.000000	148.637531	1086398
1	1	          Polimaster	0	5461.000000	-1035.500000	1340.000000	34.920000	1874339
1	1	                 ste	0	5557.000000	-1006.000000	1341.000000	356.013000	2065862
1	1	                 ste	0	5557.000000	-1006.000000	1341.000000	116.241775	3144289
1	1	                 ste	0	5557.000000	-1006.000000	1341.000000	34.987000	3604585
1	1	          Polimaster	0	5461.000000	-1035.500000	1340.000000	77.832595	4086455
1	1	                 ste	0	5557.000000	-1006.000000	1341.000000	34.920000	4321523
1	1	                 ste	0	5557.000000	-1006.000000	1341.000000	49.598756	5657180
1	1	                 ste	0	5557.000000	-1006.000000	1341.000000	30.973000	19794
1	1	             minirad	0	5401.000000	-1029.600000	1340.000000	117.167893	150523
1	1	                 ste	0	5557.000000	-1006.000000	1341.000000	255.956086	464018
1	1	                 ste	0	5557.000000	-1006.000000	1341.000000	67.969977	1531436
1	1	          Polimaster	0	5461.000000	-1035.500000	1340.000000	80.997100	1618720
1	1	          Polimaster	0	5461.000000	-1035.500000	1340.000000	356.013000	1750712
1	1	                 ste	0	5557.000000	-1006.000000	1341.000000	50.018200	3609446
1	1	             minirad	0	5401.000000	-1029.600000	1340.000000	136.701337	3644384
1	1	          Polimaster	0	5461.000000	-1035.500000	1340.000000	48.760300	4717213
1	1	                 ste	0	5557.000000	-1006.000000	1341.000000	80.997100	5511059
1	1	                 ste	0	5557.000000	-1006.000000	1341.000000	227.147535	767366
1	1	             minirad	0	5401.000000	-1029.600000	1340.000000	155.513814	1104009
1	1	                 ste	0	5557.000000	-1006.000000	1341.000000	80.997100	1235065
1	1	                 ste	0	5557.000000	-1006.000000	1341.000000	2.407504	1315714
1	1	          Polimaster	0	5461.000000	-1035.500000	1340.000000	65.352417	2508268
1	1	                 ste	0	5557.000000	-1006.000000	1341.000000	84.942238	2634110
1	1	          Polimaster	0	5461.000000	-1035.500000	1340.000000	29.590596	2994842
1	1	          Polimaster	0	5461.000000	-1035.500000	1340.000000	201.929063	3135795
1	1	                 ste	0	5557.000000	-1006.000000	1341.000000	80.997100	3285127
1	1	                 ste	0	5557.000000	-1006.000000	1341.000000	47.638935	3317903
1	1	          Polimaster	0	5461.000000	-1035.500000	1340.000000	25.654754	3357584
1	1	             minirad	0	5401.000000	-1029.600000	1340.000000	87.113302	3642432
1	1	          Polimaster	0	5461.000000	-1035.500000	1340.000000	383.848000	4496238
1	1	                 ste	0	5557.000000	-1006.000000	1341.000000	128.326509	4563542
1	1	             minirad	0	5401.000000	-1029.600000	1340.000000	78.240857	5436837
1	1	          Polimaster	0	5461.000000	-1035.500000	1340.000000	79.613900	5576073
1	1	                 ste	0	5557.000000	-1006.000000	1341.000000	53.162500	709023
1	1	             minirad	0	5401.000000	-1029.600000	1340.000000	164.401209	1446194
1	1	                 ste	0	5557.000000	-1006.000000	1341.000000	62.238494	1508030
1	1	          Polimaster	0	5461.000000	-1035.500000	1340.000000	68.111155	1865255
1	1	                 ste	0	5557.000000	-1006.000000	1341.000000	80.997100	1904009
1	1	          Polimaster	0	5461.000000	-1035.500000	1340.000000	29.547836	2961060
1	1	          Polimaster	0	5461.000000	-1035.500000	1340.000000	30.625000	3683097
1	1	             minirad	0	5401.000000	-1029.600000	1340.000000	331.954232	3801409
1	1	                 ste	0	5557.000000	-1006.000000	1341.000000	30.973000	4484957
1	1	          Polimaster	0	5461.000000	-1035.500000	1340.000000	30.333051	4680341
1	1	                 ste	0	5557.000000	-1006.000000	1341.000000	30.973000	4905195
1	1	          Polimaster	0	5461.000000	-1035.500000	1340.000000	106.999316	51227
1	1	                 ste	0	5557.000000	-1006.000000	1341.000000	50.401100	54480
1	1	             minirad	0	5401.000000	-1029.600000	1340.000000	136.185017	128747
1	1	             minirad	0	5401.000000	-1029.600000	1340.000000	168.780398	618218
1	1	                 ste	0	5557.000000	-1006.000000	1341.000000	129.745104	717010
1	1	                 ste	0	5557.000000	-1006.000000	1341.000000	141.165970	887548
1	1	          Polimaster	0	5461.000000	-1035.500000	1340.000000	123.915701	1678892
1	1	          Polimaster	0	5461.000000	-1035.500000	1340.000000	75.136773	1759153
1	1	          Polimaster	0	5461.000000	-1035.500000	1340.000000	70.862332	3031260
1	1	             minirad	0	5401.000000	-1029.600000	1340.000000	325.034100	3202086
1	1	                 ste	0	5557.000000	-1006.000000	1341.000000	292.328284	3536236
1	1	          Polimaster	0	5461.000000	-1035.500000	1340.000000	30.625000	3660563
1	1	                 ste	0	5557.000000	-1006.000000	1341.000000	30.625000	3677304
1	1	          Polimaster	0	5461.000000	-1035.500000	1340.000000	206.775897	4125380
1	1	          Polimaster	0	5461.000000	-1035.500000	1340.000000	356.013000	4728601
1	1	                 ste	0	5557.000000	-1006.000000	1341.000000	30.973000	4926232
1	1	             minirad	0	5401.000000	-1029.600000	1340.000000	234.608776	5582779
1	1	                 ste	0	5557.000000	-1006.000000	1341.000000	146.862015	363875
1	1	                 ste	0	5557.000000	-1006.000000	1341.000000	109.865190	2276946
1	1	                 ste	0	5557.000000	-1006.000000	1341.000000	105.147415	2402011
1	1	                 ste	0	5557.000000	-1006.000000	1341.000000	129.943611	3821954
1	1	          Polimaster	0	5461.000000	-1035.500000	1340.000000	383.848000	4073911
1	1	                 ste	0	5557.000000	-1006.000000	1341.000000	79.613900	4517275
1	1	             minirad	0	5401.000000	-1029.600000	1340.000000	356.013000	4636912
1	1	                 ste	0	5557.000000	-1006.000000	1341.000000	138.637935	4654320
1	1	                 ste	0	5557.000000	-1006.000000	1341.000000	133.858725	4987774
1	1	             minirad	0	5401.000000	-1029.600000	1340.000000	108.683366	436232
1	1	                 ste	0	5557.000000	-1006.000000	1341.000000	30.625000	632625
1	1	                 ste	0	5557.000000	-1006.000000	1341.000000	30.337123	2284105
1	1	          Polimaster	0	5461.000000	-1035.500000	1340.000000	80.997100	2676296
1	1	          Polimaster	0	5461.000000	-1035.500000	1340.000000	62.019639	2804824
1	1	          Polimaster	0	5461.000000	-1035.500000	1340.000000	356.013000	2924436
1	1	                 ste	0	5557.000000	-1006.000000	1341.000000	159.753919	3850249
1	1	                 ste	0	5557.000000	-1006.000000	1341.000000	139.769814	4415793
1	1	          Polimaster	0	5461.000000	-1035.500000	1340.000000	337.122971	4826937
1	1	             minirad	0	5401.000000	-1029.600000	1340.000000	80.997100	4891937
1	1	             minirad	0	5401.000000	-1029.600000	1340.000000	139.470132	219751
1	1	             minirad	0	5401.000000	-1029.600000	1340.000000	107.390881	394409
1	1	                 ste	0	5557.000000	-1006.000000	1341.000000	30.973000	1600397
1	1	             minirad	0	5401.000000	-1029.600000	1340.000000	80.997100	1938812
1	1	                 ste	0	5557.000000	-1006.000000	1341.000000	20.713638	2270621
1	1	             minirad	0	5401.000000	-1029.600000	1340.000000	89.484814	2279622
1	1	                 ste	0	5557.000000	-1006.000000	1341.000000	43.495438	2667106
1	1	          Polimaster	0	5461.000000	-1035.500000	1340.000000	77.754198	3171753
1	1	             minirad	0	5401.000000	-1029.600000	1340.000000	80.997100	3651853
1	1	          Polimaster	0	5461.000000	-1035.500000	1340.000000	71.744543	4643938
1	1	             minirad	0	5401.000000	-1029.600000	1340.000000	106.273702	4852659
1	1	                 ste	0	5557.000000	-1006.000000	1341.000000	30.663660	4913050
1	1	                 ste	0	5557.000000	-1006.000000	1341.000000	30.625000	5382603
1	1	                 ste	0	5557.000000	-1006.000000	1341.000000	356.013000	5397889
1	1	             minirad	0	5401.000000	-1029.600000	1340.000000	356.013000	5493201
1	1	          Polimaster	0	5461.000000	-1035.500000	1340.000000	220.204200	50526
1	1	          Polimaster	0	5461.000000	-1035.500000	1340.000000	302.851000	152493
1	1	          Polimaster	0	5461.000000	-1035.500000	1340.000000	80.997100	883524
1	1	          Polimaster	0	5461.000000	-1035.500000	1340.000000	356.013000	1146266
1	1	          Polimaster	0	5461.000000	-1035.500000	1340.000000	125.108929	2035185
1	1	             minirad	0	5401.000000	-1029.600000	1340.000000	28.988635	4056783
1	1	          Polimaster	0	5461.000000	-1035.500000	1340.000000	17.698175	4337504
1	1	                 ste	0	5557.000000	-1006.000000	1341.000000	24.856000	404029
1	1	                 ste	0	5557.000000	-1006.000000	1341.000000	30.973000	1104068
1	1	          Polimaster	0	5461.000000	-1035.500000	1340.000000	34.649834	2469948
1	1	                 ste	0	5557.000000	-1006.000000	1341.000000	80.997100	2690028
1	1	             minirad	0	5401.000000	-1029.600000	1340.000000	33.649262	2761284
1	1	                 ste	0	5557.000000	-1006.000000	1341.000000	79.613900	2861648
1	1	             minirad	0	5401.000000	-1029.600000	1340.000000	211.711306	3199675
1	1	          Polimaster	0	5461.000000	-1035.500000	1340.000000	30.973000	3330433
1	1	             minirad	0	5401.000000	-1029.600000	1340.000000	112.537811	263140
1	1	          Polimaster	0	5461.000000	-1035.500000	1340.000000	80.997100	687235
1	1	                 ste	0	5557.000000	-1006.000000	1341.000000	50.601525	1100571
1	1	          Polimaster	0	5461.000000	-1035.500000	1340.000000	30.973000	2085345
1	1	             minirad	0	5401.000000	-1029.600000	1340.000000	8.005710	2104133
1	1	             minirad	0	5401.000000	-1029.600000	1340.000000	192.299702	2414424
1	1	                 ste	0	5557.000000	-1006.000000	1341.000000	153.246926	2543217
1	1	             minirad	0	5401.000000	-1029.600000	1340.000000	30.625000	2770362
1	1	             minirad	0	5401.000000	-1029.600000	1340.000000	62.485147	3877554
1	1	             minirad	0	5401.000000	-1029.600000	1340.000000	100.516407	4851602
1	1	                 ste	0	5557.000000	-1006.000000	1341.000000	34.342435	5066383
1	1	          Polimaster	0	5461.000000	-1035.500000	1340.000000	34.987000	5601625
1	1	          Polimaster	0	5461.000000	-1035.500000	1340.000000	315.524967	439498
1	1	          Polimaster	0	5461.000000	-1035.500000	1340.000000	62.885353	737965
1	1	          Polimaster	0	5461.000000	-1035.500000	1340.000000	117.567653	1777670
1	1	          Polimaster	0	5461.000000	-1035.500000	1340.000000	34.987000	2226128
1	1	             minirad	0	5401.000000	-1029.600000	1340.000000	302.851000	2396324
1	1	             minirad	0	5401.000000	-1029.600000	1340.000000	356.013000	2598651
1	1	          Polimaster	0	5461.000000	-1035.500000	1340.000000	356.013000	2950030
1	1	                 ste	0	5557.000000	-1006.000000	1341.000000	30.625000	2988747
1	1	          Polimaster	0	5461.000000	-1035.500000	1340.000000	69.917464	3350344
1	1	          Polimaster	0	5461.000000	-1035.500000	1340.000000	126.848570	3631586
1	1	                 ste	0	5557.000000	-1006.000000	1341.000000	30.625000	3637693
1	1	             minirad	0	5401.000000	-1029.600000	1340.000000	306.653541	4459743
1	1	                 ste	0	5557.000000	-1006.000000	1341.000000	151.929883	4484324
1	1	             minirad	0	5401.000000	-1029.600000	1340.000000	90.624175	4525485
1	1	          Polimaster	0	5461.000000	-1035.500000	1340.000000	126.255405	4598806
1	1	                 ste	0	5557.000000	-1006.000000	1341.000000	30.531199	5399964
1	1	             minirad	0	5401.000000	-1029.600000	1340.000000	272.229200	5524788
1	1	          Polimaster	0	5461.000000	-1035.500000	1340.000000	34.987000	5528449
1	1	          Polimaster	0	5461.000000	-1035.500000	1340.000000	28.813453	6657
1	1	          Polimaster	0	5461.000000	-1035.500000	1340.000000	149.276310	16515
1	1	                 ste	0	5557.000000	-1006.000000	1341.000000	127.099746	728828
1	1	                 ste	0	5557.000000	-1006.000000	1341.000000	53.162500	884846
1	1	             minirad	0	5401.000000	-1029.600000	1340.000000	356.013000	1320751
1	1	          Polimaster	0	5461.000000	-1035.500000	1340.000000	55.344197	2280048
1	1	             minirad	0	5401.000000	-1029.600000	1340.000000	356.013000	2901431
1	1	          Polimaster	0	5461.000000	-1035.500000	1340.000000	73.330004	3472122
1	1	                 ste	0	5557.000000	-1006.000000	1341.000000	165.358844	3780442
1	1	          Polimaster	0	5461.000000	-1035.500000	1340.000000	30.973000	3923126
1	1	             minirad	0	5401.000000	-1029.600000	1340.000000	30.973000	4379822
1	1	             minirad	0	5401.000000	-1029.600000	1340.000000	140.560966	4559913
1	1	             minirad	0	5401.000000	-1029.600000	1340.000000	80.997100	4633220
1	1	          Polimaster	0	5461.000000	-1035.500000	1340.000000	124.563327	5285582
1	1	             minirad	0	5401.000000	-1029.600000	1340.000000	56.714577	6576
1	1	             minirad	0	5401.000000	-1029.600000	1340.000000	145.533052	1195667
1	1	          Polimaster	0	5461.000000	-1035.500000	1340.000000	356.013000	1529327
1	1	          Polimaster	0	5461.000000	-1035.500000	1340.000000	77.973213	3064028
1	1	             minirad	0	5401.000000	-1029.600000	1340.000000	186.584095	3117598
1	1	          Polimaster	0	5461.000000	-1035.500000	1340.000000	29.805127	3463811
1	1	             minirad	0	5401.000000	-1029.600000	1340.000000	137.389715	3626524
1	1	                 ste	0	5557.000000	-1006.000000	1341.000000	162.313275	3953742
1	1	                 ste	0	5557.000000	-1006.000000	1341.000000	257.770378	4886342
1	1	                 ste	0	5557.000000	-1006.000000	1341.000000	30.973000	5369363
1	1	          Polimaster	0	5461.000000	-1035.500000	1340.000000	238.632176	5406892
1	1	             minirad	0	5401.000000	-1029.600000	1340.000000	65.184853	340897
1	1	                 ste	0	5557.000000	-1006.000000	1341.000000	246.840930	1557306
1	1	                 ste	0	5557.000000	-1006.000000	1341.000000	101.442553	2280295
1	1	          Polimaster	0	5461.000000	-1035.500000	1340.000000	80.997100	2597187
1	1	             minirad	0	5401.000000	-1029.600000	1340.000000	249.137690	3099872
1	1	             minirad	0	5401.000000	-1029.600000	1340.000000	124.080128	3166250
1	1	                 ste	0	5557.000000	-1006.000000	1341.000000	135.611513	3179381
1	1	                 ste	0	5557.000000	-1006.000000	1341.000000	80.997100	3397519
1	1	          Polimaster	0	5461.000000	-1035.500000	1340.000000	356.013000	3837628
1	1	          Polimaster	0	5461.000000	-1035.500000	1340.000000	30.625000	4851176
1	1	          Polimaster	0	5461.000000	-1035.500000	1340.000000	259.369424	5345184
1	1	             minirad	0	5401.000000	-1029.600000	1340.000000	79.249888	1037446
1	1	             minirad	0	5401.000000	-1029.600000	1340.000000	148.270163	2024840
1	1	                 ste	0	5557.000000	-1006.000000	1341.000000	87.376931	2597899
1	1	                 ste	0	5557.000000	-1006.000000	1341.000000	202.672204	2649293
1	1	                 ste	0	5557.000000	-1006.000000	1341.000000	62.682671	3219059
1	1	          Polimaster	0	5461.000000	-1035.500000	1340.000000	80.997100	3967462
1	1	          Polimaster	0	5461.000000	-1035.500000	1340.000000	30.973000	4117732
1	1	          Polimaster	0	5461.000000	-1035.500000	1340.000000	77.740535	4371142
1	1	                 ste	0	5557.000000	-1006.000000	1341.000000	30.625000	5437518
1	1	             minirad	0	5401.000000	-1029.600000	1340.000000	182.860181	580165
1	1	             minirad	0	5401.000000	-1029.600000	1340.000000	276.400000	1395340
1	1	             minirad	0	5401.000000	-1029.600000	1340.000000	301.031735	2998080
1	1	          Polimaster	0	5461.000000	-1035.500000	1340.000000	135.593514	3185126
1	1	             minirad	0	5401.000000	-1029.600000	1340.000000	88.713159	4155844
1	1	                 ste	0	5557.000000	-1006.000000	1341.000000	127.302474	4204819
1	1	          Polimaster	0	5461.000000	-1035.500000	1340.000000	226.335895	4567669
1	1	          Polimaster	0	5461.000000	-1035.500000	1340.000000	179.656239	4823444
1	1	             minirad	0	5401.000000	-1029.600000	1340.000000	29.082766	4916106
1	1	                 ste	0	5557.000000	-1006.000000	1341.000000	50.018200	4927108
1	1	                 ste	0	5557.000000	-1006.000000	1341.000000	75.737222	5327645
1	1	             minirad	0	5401.000000	-1029.600000	1340.000000	30.973000	22721
1	1	          Polimaster	0	5461.000000	-1035.500000	1340.000000	30.074005	1219193
1	1	             minirad	0	5401.000000	-1029.600000	1340.000000	67.706679	1507348
1	1	          Polimaster	0	5461.000000	-1035.500000	1340.000000	80.997100	1578697
1	1	             minirad	0	5401.000000	-1029.600000	1340.000000	121.020510	2401039
1	1	          Polimaster	0	5461.000000	-1035.500000	1340.000000	80.997100	2868863
1	1	                 ste	0	5557.000000	-1006.000000	1341.000000	34.987000	3546112
1	1	          Polimaster	0	5461.000000	-1035.500000	1340.000000	27.592755	3558295
1	1	          Polimaster	0	5461.000000	-1035.500000	1340.000000	63.241967	4026351
1	1	          Polimaster	0	5461.000000	-1035.500000	1340.000000	77.448810	387308
1	1	          Polimaster	0	5461.000000	-1035.500000	1340.000000	30.973000	725164
1	1	          Polimaster	0	5461.000000	-1035.500000	1340.000000	102.415065	985519
1	1	          Polimaster	0	5461.000000	-1035.500000	1340.000000	30.625000	1565105
1	1	                 ste	0	5557.000000	-1006.000000	1341.000000	70.895828	1630285
1	1	                 ste	0	5557.000000	-1006.000000	1341.000000	145.141241	3364202
1	1	          Polimaster	0	5461.000000	-1035.500000	1340.000000	51.698666	5042017
1	1	             minirad	0	5401.000000	-1029.600000	1340.000000	44.423812	5316087
1	1	                 ste	0	5557.000000	-1006.000000	1341.000000	356.013000	5492297
1	1	                 ste	0	5557.000000	-1006.000000	1341.000000	151.217427	5530498
1	1	          Polimaster	0	5461.000000	-1035.500000	1340.000000	280.449979	397089
1	1	             minirad	0	5401.000000	-1029.600000	1340.000000	80.997100	559230
1	1	          Polimaster	0	5461.000000	-1035.500000	1340.000000	80.997100	698393
1	1	          Polimaster	0	5461.000000	-1035.500000	1340.000000	80.997100	1355358
1	1	                 ste	0	5557.000000	-1006.000000	1341.000000	80.997100	1563666
1	1	          Polimaster	0	5461.000000	-1035.500000	1340.000000	30.625000	1871387
1	1	             minirad	0	5401.000000	-1029.600000	1340.000000	153.953541	2201654
1	1	                 ste	0	5557.000000	-1006.000000	1341.000000	80.997100	2534296
1	1	          Polimaster	0	5461.000000	-1035.500000	1340.000000	356.013000	3198316
1	1	                 ste	0	5557.000000	-1006.000000	1341.000000	280.132719	3821619
1	1	                 ste	0	5557.000000	-1006.000000	1341.000000	128.255953	4672661
1	1	                 ste	0	5557.000000	-1006.000000	1341.000000	43.567416	4881031
1	1	             minirad	0	5401.000000	-1029.600000	1340.000000	34.360705	562844
1	1	                 ste	0	5557.000000	-1006.000000	1341.000000	50.447193	961308
1	1	                 ste	0	5557.000000	-1006.000000	1341.000000	34.920000	2212573
1	1	                 ste	0	5557.000000	-1006.000000	1341.000000	30.973000	2853111
1	1	                 ste	0	5557.000000	-1006.000000	1341.000000	30.625000	3035894
1	1	                 ste	0	5557.000000	-1006.000000	1341.000000	80.997100	3099090
1	1	                 ste	0	5557.000000	-1006.000000	1341.000000	302.851000	3134171
1	1	          Polimaster	0	5461.000000	-1035.500000	1340.000000	30.625000	3245430
1	1	             minirad	0	5401.000000	-1029.600000	1340.000000	80.997100	4184355
1	1	                 ste	0	5557.000000	-1006.000000	1341.000000	67.930405	4712820
1	1	          Polimaster	0	5461.000000	-1035.500000	1340.000000	111.562216	5275634
1	1	          Polimaster	0	5461.000000	-1035.500000	1340.000000	33.502151	5539985
1	1	             minirad	0	5401.000000	-1029.600000	1340.000000	80.997100	5629326
1	1	                 ste	0	5557.000000	-1006.000000	1341.000000	302.851000	384804
1	1	          Polimaster	0	5461.000000	-1035.500000	1340.000000	30.973000	1040864
1	1	                 ste	0	5557.000000	-1006.000000	1341.000000	80.997100	1438733
1	1	          Polimaster	0	5461.000000	-1035.500000	1340.000000	103.542349	1578301
1	1	             minirad	0	5401.000000	-1029.600000	1340.000000	30.973000	2253768
1	1	                 ste	0	5557.000000	-1006.000000	1341.000000	206.569140	2663994
1	1	             minirad	0	5401.000000	-1029.600000	1340.000000	356.013000	3481345
1	1	          Polimaster	0	5461.000000	-1035.500000	1340.000000	40.317599	3492022
1	1	             minirad	0	5401.000000	-1029.600000	1340.000000	52.769632	4467348
1	1	          Polimaster	0	5461.000000	-1035.500000	1340.000000	139.903674	5475676
1	1	                 ste	0	5557.000000	-1006.000000	1341.000000	52.387600	5617772
1	1	          Polimaster	0	5461.000000	-1035.500000	1340.000000	30.050165	257594
1	1	                 ste	0	5557.000000	-1006.000000	1341.000000	80.997100	638100
1	1	                 ste	0	5557.000000	-1006.000000	1341.000000	52.719195	839814
1	1	                 ste	0	5557.000000	-1006.000000	1341.000000	154.606156	969204
1	1	                 ste	0	5557.000000	-1006.000000	1341.000000	93.383992	1299754
1	1	          Polimaster	0	5461.000000	-1035.500000	1340.000000	302.851000	2694043
1	1	          Polimaster	0	5461.000000	-1035.500000	1340.000000	27.528545	2913383
1	1	             minirad	0	5401.000000	-1029.600000	1340.000000	30.973000	3052112
1	1	                 ste	0	5557.000000	-1006.000000	1341.000000	53.162500	3226296
1	1	          Polimaster	0	5461.000000	-1035.500000	1340.000000	187.157359	3430436
1	1	                 ste	0	5557.000000	-1006.000000	1341.000000	356.013000	4650521
1	1	             minirad	0	5401.000000	-1029.600000	1340.000000	80.997100	4755852
1	1	          Polimaster	0	5461.000000	-1035.500000	1340.000000	80.997100	5171182
1	1	             minirad	0	5401.000000	-1029.600000	1340.000000	46.072523	177647
1	1	          Polimaster	0	5461.000000	-1035.500000	1340.000000	30.349820	2404246
1	1	                 ste	0	5557.000000	-1006.000000	1341.000000	30.625000	2559490
1	1	          Polimaster	0	5461.000000	-1035.500000	1340.000000	4.200138	3000882
1	1	                 ste	0	5557.000000	-1006.000000	1341.000000	122.896113	3514763
1	1	             minirad	0	5401.000000	-1029.600000	1340.000000	76.510085	3791430
1	1	                 ste	0	5557.000000	-1006.000000	1341.000000	30.973000	4986619
1	1	                 ste	0	5557.000000	-1006.000000	1341.000000	153.264427	5507626
1	1	          Polimaster	0	5461.000000	-1035.500000	1340.000000	216.408784	2103315
1	1	          Polimaster	0	5461.000000	-1035.500000	1340.000000	33.951437	2230560
1	1	                 ste	0	5557.000000	-1006.000000	1341.000000	30.973000	2375998
1	1	                 ste	0	5557.000000	-1006.000000	1341.000000	207.862235	3049465
1	1	                 ste	0	5557.000000	-1006.000000	1341.000000	194.930500	3179610
1	1	          Polimaster	0	5461.000000	-1035.500000	1340.000000	50.018200	3263756
1	1	          Polimaster	0	5461.000000	-1035.500000	1340.000000	30.625000	3388691
1	1	          Polimaster	0	5461.000000	-1035.500000	1340.000000	276.400000	3764458
1	1	                 ste	0	5557.000000	-1006.000000	1341.000000	127.047571	4206433
1	1	                 ste	0	5557.000000	-1006.000000	1341.000000	245.839717	4864895
1	1	          Polimaster	0	5461.000000	-1035.500000	1340.000000	149.989486	5191667
1	1	             minirad	0	5401.000000	-1029.600000	1340.000000	32.813856	255661
1	1	             minirad	0	5401.000000	-1029.600000	1340.000000	212.630831	593902
1	1	                 ste	0	5557.000000	-1006.000000	1341.000000	105.630760	1516313
1	1	          Polimaster	0	5461.000000	-1035.500000	1340.000000	30.625000	2383441
1	1	                 ste	0	5557.000000	-1006.000000	1341.000000	148.201781	2640408
1	1	          Polimaster	0	5461.000000	-1035.500000	1340.000000	356.013000	3006509
1	1	                 ste	0	5557.000000	-1006.000000	1341.000000	154.814838	3120209
1	1	             minirad	0	5401.000000	-1029.600000	1340.000000	276.400000	3292441
1	1	          Polimaster	0	5461.000000	-1035.500000	1340.000000	302.851000	5616373
1	1	                 ste	0	5557.000000	-1006.000000	1341.000000	7.926631	5647457
1	1	             minirad	0	5401.000000	-1029.600000	1340.000000	325.034100	336749
1	1	                 ste	0	5557.000000	-1006.000000	1341.000000	106.994832	412184
1	1	                 ste	0	5557.000000	-1006.000000	1341.000000	30.279709	1040456
1	1	          Polimaster	0	5461.000000	-1035.500000	1340.000000	80.997100	3231705
1	1	          Polimaster	0	5461.000000	-1035.500000	1340.000000	30.405886	4256642
1	1	          Polimaster	0	5461.000000	-1035.500000	1340.000000	8.637625	4532689
1	1	             minirad	0	5401.000000	-1029.600000	1340.000000	356.013000	5048828
1	1	          Polimaster	0	5461.000000	-1035.500000	1340.000000	73.785961	320876
1	1	                 ste	0	5557.000000	-1006.000000	1341.000000	30.625000	624778
1	1	          Polimaster	0	5461.000000	-1035.500000	1340.000000	125.439490	813798
1	1	          Polimaster	0	5461.000000	-1035.500000	1340.000000	113.567907	871280
1	1	             minirad	0	5401.000000	-1029.600000	1340.000000	71.510937	1006318
1	1	                 ste	0	5557.000000	-1006.000000	1341.000000	28.325877	1322418
1	1	          Polimaster	0	5461.000000	-1035.500000	1340.000000	30.625000	2447312
1	1	                 ste	0	5557.000000	-1006.000000	1341.000000	85.150208	3515674
1	1	                 ste	0	5557.000000	-1006.000000	1341.000000	68.451785	3517558
1	1	          Polimaster	0	5461.000000	-1035.500000	1340.000000	114.605125	3605455
1	1	             minirad	0	5401.000000	-1029.600000	1340.000000	192.263442	3624413
1	1	                 ste	0	5557.000000	-1006.000000	1341.000000	128.740919	3832236
1	1	          Polimaster	0	5461.000000	-1035.500000	1340.000000	144.835992	4380381
1	1	                 ste	0	5557.000000	-1006.000000	1341.000000	63.857780	2833982
1	1	                 ste	0	5557.000000	-1006.000000	1341.000000	110.727607	4258608
1	1	                 ste	0	5557.000000	-1006.000000	1341.000000	30.973000	76867
1	1	                 ste	0	5557.000000	-1006.000000	1341.000000	34.920000	780346
1	1	             minirad	0	5401.000000	-1029.600000	1340.000000	356.013000	1334499
1	1	          Polimaster	0	5461.000000	-1035.500000	1340.000000	143.596302	1638013
1	1	          Polimaster	0	5461.000000	-1035.500000	1340.000000	66.017727	2170928
1	1	                 ste	0	5557.000000	-1006.000000	1341.000000	163.170798	2293921
1	1	          Polimaster	0	5461.000000	-1035.500000	1340.000000	356.013000	3002860
1	1	                 ste	0	5557.000000	-1006.000000	1341.000000	356.013000	4434473
1	1	             minirad	0	5401.000000	-1029.600000	1340.000000	356.013000	4594111
1	1	                 ste	0	5557.000000	-1006.000000	1341.000000	156.989972	5147656
1	1	             minirad	0	5401.000000	-1029.600000	1340.000000	59.630966	5321918
1	1	                 ste	0	5557.000000	-1006.000000	1341.000000	30.109544	224880
1	1	                 ste	0	5557.000000	-1006.000000	1341.000000	172.204225	498547
1	1	          Polimaster	0	5461.000000	-1035.500000	1340.000000	59.289102	699683
1	1	                 ste	0	5557.000000	-1006.000000	1341.000000	162.345637	1099623
1	1	                 ste	0	5557.000000	-1006.000000	1341.000000	147.944744	1723462
1	1	             minirad	0	5401.000000	-1029.600000	1340.000000	30.973000	2785948
1	1	          Polimaster	0	5461.000000	-1035.500000	1340.000000	148.620609	2847848
1	1	          Polimaster	0	5461.000000	-1035.500000	1340.000000	147.670964	5195262
1	1	          Polimaster	0	5461.000000	-1035.500000	1340.000000	383.848000	5447439
1	1	                 ste	0	5557.000000	-1006.000000	1341.000000	34.987000	140760
1	1	          Polimaster	0	5461.000000	-1035.500000	1340.000000	219.947477	297086
1	1	          Polimaster	0	5461.000000	-1035.500000	1340.000000	68.454439	837777
1	1	                 ste	0	5557.000000	-1006.000000	1341.000000	80.997100	1038975
1	1	          Polimaster	0	5461.000000	-1035.500000	1340.000000	55.589137	1619122
1	1	          Polimaster	0	5461.000000	-1035.500000	1340.000000	30.973000	3485985
1	1	                 ste	0	5557.000000	-1006.000000	1341.000000	335.343830	3882263
1	1	             minirad	0	5401.000000	-1029.600000	1340.000000	49.555352	4566493
1	1	             minirad	0	5401.000000	-1029.600000	1340.000000	95.638362	136538
1	1	                 ste	0	5557.000000	-1006.000000	1341.000000	30.973000	284005
1	1	                 ste	0	5557.000000	-1006.000000	1341.000000	75.602012	864943
1	1	             minirad	0	5401.000000	-1029.600000	1340.000000	68.631610	1167070
1	1	                 ste	0	5557.000000	-1006.000000	1341.000000	356.013000	1557847
1	1	          Polimaster	0	5461.000000	-1035.500000	1340.000000	263.479557	1567835
1	1	             minirad	0	5401.000000	-1029.600000	1340.000000	65.954111	1986717
1	1	             minirad	0	5401.000000	-1029.600000	1340.000000	61.825598	2323590
1	1	          Polimaster	0	5461.000000	-1035.500000	1340.000000	30.973000	2342876
1	1	             minirad	0	5401.000000	-1029.600000	1340.000000	140.777182	3006305
1	1	                 ste	0	5557.000000	-1006.000000	1341.000000	86.235541	3398265
1	1	          Polimaster	0	5461.000000	-1035.500000	1340.000000	107.579085	3519422
1	1	             minirad	0	5401.000000	-1029.600000	1340.000000	137.154593	3842436
1	1	             minirad	0	5401.000000	-1029.600000	1340.000000	30.625000	3980155
1	1	                 ste	0	5557.000000	-1006.000000	1341.000000	153.297026	4213408
1	1	          Polimaster	0	5461.000000	-1035.500000	1340.000000	90.285089	4364977
1	1	          Polimaster	0	5461.000000	-1035.500000	1340.000000	356.013000	4762540
1	1	          Polimaster	0	5461.000000	-1035.500000	1340.000000	88.216094	5043948
1	1	          Polimaster	0	5461.000000	-1035.500000	1340.000000	356.013000	5185519
1	1	             minirad	0	5401.000000	-1029.600000	1340.000000	80.997100	5518173
1	1	                 ste	0	5557.000000	-1006.000000	1341.000000	79.144146	764171
1	1	             minirad	0	5401.000000	-1029.600000	1340.000000	106.936445	1258999
1	1	          Polimaster	0	5461.000000	-1035.500000	1340.000000	313.715284	1380220
1	1	          Polimaster	0	5461.000000	-1035.500000	1340.000000	160.918431	2081100
1	1	                 ste	0	5557.000000	-1006.000000	1341.000000	276.400000	2084165
1	1	             minirad	0	5401.000000	-1029.600000	1340.000000	207.666500	2096553
1	1	          Polimaster	0	5461.000000	-1035.500000	1340.000000	57.716238	2249072
1	1	          Polimaster	0	5461.000000	-1035.500000	1340.000000	246.643883	2556587
1	1	                 ste	0	5557.000000	-1006.000000	1341.000000	30.625000	2558537
1	1	             minirad	0	5401.000000	-1029.600000	1340.000000	160.852582	3506443
1	1	          Polimaster	0	5461.000000	-1035.500000	1340.000000	356.013000	3742416
1	1	          Polimaster	0	5461.000000	-1035.500000	1340.000000	276.400000	5337502
1	1	                 ste	0	5557.000000	-1006.000000	1341.000000	30.973000	5401935
1	1	          Polimaster	0	5461.000000	-1035.500000	1340.000000	147.800384	253252
1	1	             minirad	0	5401.000000	-1029.600000	1340.000000	301.436309	656422
1	1	             minirad	0	5401.000000	-1029.600000	1340.000000	302.851000	1356214
1	1	                 ste	0	5557.000000	-1006.000000	1341.000000	79.089363	1599282
1	1	          Polimaster	0	5461.000000	-1035.500000	1340.000000	227.691270	1606035
1	1	          Polimaster	0	5461.000000	-1035.500000	1340.000000	40.087318	1638038
1	1	                 ste	0	5557.000000	-1006.000000	1341.000000	33.062669	1719999
1	1	             minirad	0	5401.000000	-1029.600000	1340.000000	68.169050	2221484
1	1	                 ste	0	5557.000000	-1006.000000	1341.000000	52.690600	2704960
1	1	          Polimaster	0	5461.000000	-1035.500000	1340.000000	121.993405	4040104
1	1	             minirad	0	5401.000000	-1029.600000	1340.000000	30.973000	5050865
1	1	                 ste	0	5557.000000	-1006.000000	1341.000000	28.369439	5383150
1	1	             minirad	0	5401.000000	-1029.600000	1340.000000	128.677428	1032124
1	1	          Polimaster	0	5461.000000	-1035.500000	1340.000000	276.400000	1390054
1	1	             minirad	0	5401.000000	-1029.600000	1340.000000	80.997100	2118127
1	1	                 ste	0	5557.000000	-1006.000000	1341.000000	30.496929	2127507
1	1	                 ste	0	5557.000000	-1006.000000	1341.000000	135.147192	2378165
1	1	             minirad	0	5401.000000	-1029.600000	1340.000000	71.931986	2840508
1	1	             minirad	0	5401.000000	-1029.600000	1340.000000	34.987000	3337261
1	1	             minirad	0	5401.000000	-1029.600000	1340.000000	30.597867	3496730
1	1	          Polimaster	0	5461.000000	-1035.500000	1340.000000	154.809325	3743744
1	1	          Polimaster	0	5461.000000	-1035.500000	1340.000000	356.013000	3838198
1	1	                 ste	0	5557.000000	-1006.000000	1341.000000	80.997100	3935082
1	1	          Polimaster	0	5461.000000	-1035.500000	1340.000000	139.402625	4409791
1	1	                 ste	0	5557.000000	-1006.000000	1341.000000	80.997100	4581388
1	1	                 ste	0	5557.000000	-1006.000000	1341.000000	220.220599	5173349
1	1	                 ste	0	5557.000000	-1006.000000	1341.000000	30.973000	86214
1	1	                 ste	0	5557.000000	-1006.000000	1341.000000	139.756473	162477
1	1	             minirad	0	5401.000000	-1029.600000	1340.000000	53.162500	1281360
1	1	                 ste	0	5557.000000	-1006.000000	1341.000000	27.740612	1505634
1	1	             minirad	0	5401.000000	-1029.600000	1340.000000	30.477404	2493642
1	1	          Polimaster	0	5461.000000	-1035.500000	1340.000000	80.997100	3116093
1	1	                 ste	0	5557.000000	-1006.000000	1341.000000	177.851197	3230377
1	1	                 ste	0	5557.000000	-1006.000000	1341.000000	79.841988	3872682
1	1	          Polimaster	0	5461.000000	-1035.500000	1340.000000	95.408707	4067601
1	1	                 ste	0	5557.000000	-1006.000000	1341.000000	252.565944	4430777
1	1	                 ste	0	5557.000000	-1006.000000	1341.000000	27.490681	5114354
1	1	             minirad	0	5401.000000	-1029.600000	1340.000000	383.848000	5258305
1	1	                 ste	0	5557.000000	-1006.000000	1341.000000	326.066686	5273843
1	1	                 ste	0	5557.000000	-1006.000000	1341.000000	223.237000	526611
1	1	             minirad	0	5401.000000	-1029.600000	1340.000000	85.225726	548169
1	1	             minirad	0	5401.000000	-1029.600000	1340.000000	69.695705	920475
1	1	             minirad	0	5401.000000	-1029.600000	1340.000000	215.997388	2617043
1	1	          Polimaster	0	5461.000000	-1035.500000	1340.000000	80.997100	2744859
1	1	          Polimaster	0	5461.000000	-1035.500000	1340.000000	30.973000	3669086
1	1	             minirad	0	5401.000000	-1029.600000	1340.000000	156.726443	4794863
1	1	          Polimaster	0	5461.000000	-1035.500000	1340.000000	30.625000	238103
1	1	             minirad	0	5401.000000	-1029.600000	1340.000000	80.997100	1958724
1	1	          Polimaster	0	5461.000000	-1035.500000	1340.000000	136.515183	2523275
1	1	             minirad	0	5401.000000	-1029.600000	1340.000000	35.818000	2608001
1	1	          Polimaster	0	5461.000000	-1035.500000	1340.000000	49.211627	3117976
1	1	                 ste	0	5557.000000	-1006.000000	1341.000000	64.197844	3643128
1	1	             minirad	0	5401.000000	-1029.600000	1340.000000	30.973000	3837383
1	1	          Polimaster	0	5461.000000	-1035.500000	1340.000000	120.133716	273126
1	1	                 ste	0	5557.000000	-1006.000000	1341.000000	173.331064	786643
1	1	             minirad	0	5401.000000	-1029.600000	1340.000000	34.987000	1862592
1	1	             minirad	0	5401.000000	-1029.600000	1340.000000	146.161430	1881627
1	1	          Polimaster	0	5461.000000	-1035.500000	1340.000000	61.052160	2024526
1	1	          Polimaster	0	5461.000000	-1035.500000	1340.000000	128.229999	2582116
1	1	          Polimaster	0	5461.000000	-1035.500000	1340.000000	118.078504	2945752
1	1	             minirad	0	5401.000000	-1029.600000	1340.000000	190.239015	3234465
1	1	          Polimaster	0	5461.000000	-1035.500000	1340.000000	80.997100	4837098
1	1	             minirad	0	5401.000000	-1029.600000	1340.000000	32.561156	239571
1	1	          Polimaster	0	5461.000000	-1035.500000	1340.000000	66.298513	767921
1	1	             minirad	0	5401.000000	-1029.600000	1340.000000	34.851381	825640
1	1	             minirad	0	5401.000000	-1029.600000	1340.000000	46.560259	1117972
1	1	          Polimaster	0	5461.000000	-1035.500000	1340.000000	92.794851	1183196
1	1	                 ste	0	5557.000000	-1006.000000	1341.000000	53.162500	1882598
1	1	          Polimaster	0	5461.000000	-1035.500000	1340.000000	164.868152	2073536
1	1	                 ste	0	5557.000000	-1006.000000	1341.000000	80.997100	2511886
1	1	                 ste	0	5557.000000	-1006.000000	1341.000000	52.690600	3266356
1	1	             minirad	0	5401.000000	-1029.600000	1340.000000	149.165032	3642726
1	1	          Polimaster	0	5461.000000	-1035.500000	1340.000000	276.400000	3800000
1	1	          Polimaster	0	5461.000000	-1035.500000	1340.000000	80.997100	4101216
1	1	          Polimaster	0	5461.000000	-1035.500000	1340.000000	169.337178	4257211
1	1	          Polimaster	0	5461.000000	-1035.500000	1340.000000	356.013000	5100495
1	1	             minirad	0	5401.000000	-1029.600000	1340.000000	58.704366	169532
1	1	             minirad	0	5401.000000	-1029.600000	1340.000000	80.997100	1495377
1	1	          Polimaster	0	5461.000000	-1035.500000	1340.000000	356.013000	1589017
1	1	             minirad	0	5401.000000	-1029.600000	1340.000000	120.335093	2079160
1	1	                 ste	0	5557.000000	-1006.000000	1341.000000	30.973000	2159048
1	1	          Polimaster	0	5461.000000	-1035.500000	1340.000000	250.683071	2634834
1	1	          Polimaster	0	5461.000000	-1035.500000	1340.000000	56.121313	3110992
1	1	          Polimaster	0	5461.000000	-1035.500000	1340.000000	158.279832	3521094
1	1	                 ste	0	5557.000000	-1006.000000	1341.000000	356.013000	5090549
1	1	          Polimaster	0	5461.000000	-1035.500000	1340.000000	73.979472	5654684
1	1	          Polimaster	0	5461.000000	-1035.500000	1340.000000	356.013000	1119253
1	1	          Polimaster	0	5461.000000	-1035.500000	1340.000000	30.556561	1252255
1	1	             minirad	0	5401.000000	-1029.600000	1340.000000	80.997100	1344909
1	1	                 ste	0	5557.000000	-1006.000000	1341.000000	159.686629	1738976
1	1	          Polimaster	0	5461.000000	-1035.500000	1340.000000	79.242246	2095731
1	1	             minirad	0	5401.000000	-1029.600000	1340.000000	213.622910	3097896
1	1	                 ste	0	5557.000000	-1006.000000	1341.000000	82.863356	3157145
1	1	                 ste	0	5557.000000	-1006.000000	1341.000000	99.599748	3448846
1	1	          Polimaster	0	5461.000000	-1035.500000	1340.000000	155.524401	3453856
1	1	                 ste	0	5557.000000	-1006.000000	1341.000000	30.625000	1498490
1	1	             minirad	0	5401.000000	-1029.600000	1340.000000	34.987000	1801446
1	1	             minirad	0	5401.000000	-1029.600000	1340.000000	30.705179	1920776
1	1	          Polimaster	0	5461.000000	-1035.500000	1340.000000	52.387600	1925605
1	1	                 ste	0	5557.000000	-1006.000000	1341.000000	80.997100	2145466
1	1	                 ste	0	5557.000000	-1006.000000	1341.000000	50.375300	2334511
1	1	                 ste	0	5557.000000	-1006.000000	1341.000000	125.403171	3325804
1	1	                 ste	0	5557.000000	-1006.000000	1341.000000	127.908028	3985443
1	1	             minirad	0	5401.000000	-1029.600000	1340.000000	30.973000	4163584
1	1	                 ste	0	5557.000000	-1006.000000	1341.000000	30.973000	4273086
1	1	             minirad	0	5401.000000	-1029.600000	1340.000000	78.817779	5018462
1	1	          Polimaster	0	5461.000000	-1035.500000	1340.000000	8.755872	288410
1	1	          Polimaster	0	5461.000000	-1035.500000	1340.000000	123.752439	1151792
1	1	             minirad	0	5401.000000	-1029.600000	1340.000000	111.128846	1256608
1	1	          Polimaster	0	5461.000000	-1035.500000	1340.000000	68.852829	2508100
1	1	             minirad	0	5401.000000	-1029.600000	1340.000000	187.616120	2928690
1	1	                 ste	0	5557.000000	-1006.000000	1341.000000	95.921835	3238612
1	1	          Polimaster	0	5461.000000	-1035.500000	1340.000000	78.972488	3380418
1	1	          Polimaster	0	5461.000000	-1035.500000	1340.000000	53.162500	4327433
1	1	                 ste	0	5557.000000	-1006.000000	1341.000000	5.573822	5402306
1	1	             minirad	0	5401.000000	-1029.600000	1340.000000	30.625000	5495832
1	1	          Polimaster	0	5461.000000	-1035.500000	1340.000000	35.818000	5572664
1	1	          Polimaster	0	5461.000000	-1035.500000	1340.000000	160.488292	677372
1	1	          Polimaster	0	5461.000000	-1035.500000	1340.000000	30.625000	1203411
1	1	          Polimaster	0	5461.000000	-1035.500000	1340.000000	188.353697	1842483
1	1	             minirad	0	5401.000000	-1029.600000	1340.000000	356.013000	1851504
1	1	             minirad	0	5401.000000	-1029.600000	1340.000000	356.013000	2077552
1	1	                 ste	0	5557.000000	-1006.000000	1341.000000	30.973000	2277160
1	1	             minirad	0	5401.000000	-1029.600000	1340.000000	109.984112	2302512
1	1	             minirad	0	5401.000000	-1029.600000	1340.000000	149.585400	2645718
1	1	                 ste	0	5557.000000	-1006.000000	1341.000000	324.390501	2811780
1	1	                 ste	0	5557.000000	-1006.000000	1341.000000	356.013000	2889324
1	1	                 ste	0	5557.000000	-1006.000000	1341.000000	34.920000	3034090
1	1	             minirad	0	5401.000000	-1029.600000	1340.000000	30.973000	3300389
1	1	                 ste	0	5557.000000	-1006.000000	1341.000000	80.997100	3785365
1	1	          Polimaster	0	5461.000000	-1035.500000	1340.000000	80.997100	4690319
