1	1	                 ste	0	5557.000000	-1006.000000	961.000000	31.764089	593584
1	1	          Polimaster	0	5461.000000	-1035.500000	960.000000	70.172755	760778
1	1	          Polimaster	0	5461.000000	-1035.500000	960.000000	265.953334	770232
1	1	             minirad	0	5401.000000	-1029.600000	960.000000	30.973000	1114129
1	1	                 ste	0	5557.000000	-1006.000000	961.000000	16.525265	1361336
1	1	             minirad	0	5401.000000	-1029.600000	960.000000	126.381858	1740018
1	1	          Polimaster	0	5461.000000	-1035.500000	960.000000	146.469498	3018069
1	1	          Polimaster	0	5461.000000	-1035.500000	960.000000	30.973000	3164429
1	1	                 ste	0	5557.000000	-1006.000000	961.000000	50.266375	3576359
1	1	                 ste	0	5557.000000	-1006.000000	961.000000	30.973000	3953558
1	1	                 ste	0	5557.000000	-1006.000000	961.000000	292.127867	3983130
1	1	                 ste	0	5557.000000	-1006.000000	961.000000	207.357382	4177079
1	1	          Polimaster	0	5461.000000	-1035.500000	960.000000	28.887606	689012
1	1	             minirad	0	5401.000000	-1029.600000	960.000000	95.596205	706564
1	1	                 ste	0	5557.000000	-1006.000000	961.000000	212.756248	836655
1	1	                 ste	0	5557.000000	-1006.000000	961.000000	30.973000	1196898
1	1	             minirad	0	5401.000000	-1029.600000	960.000000	30.973000	1350824
1	1	             minirad	0	5401.000000	-1029.600000	960.000000	19.752301	1591419
1	1	          Polimaster	0	5461.000000	-1035.500000	960.000000	80.997100	1877351
1	1	          Polimaster	0	5461.000000	-1035.500000	960.000000	30.973000	3409018
1	1	          Polimaster	0	5461.000000	-1035.500000	960.000000	65.868206	3459216
1	1	          Polimaster	0	5461.000000	-1035.500000	960.000000	288.002926	3712356
1	1	             minirad	0	5401.000000	-1029.600000	960.000000	80.997100	3716423
1	1	          Polimaster	0	5461.000000	-1035.500000	960.000000	249.932612	4765251
1	1	          Polimaster	0	5461.000000	-1035.500000	960.000000	34.987000	4815172
1	1	             minirad	0	5401.000000	-1029.600000	960.000000	100.385222	4868625
1	1	                 ste	0	5557.000000	-1006.000000	961.000000	30.973000	4975354
1	1	             minirad	0	5401.000000	-1029.600000	960.000000	189.585223	5437221
1	1	                 ste	0	5557.000000	-1006.000000	961.000000	194.190917	531339
1	1	          Polimaster	0	5461.000000	-1035.500000	960.000000	29.549891	678936
1	1	                 ste	0	5557.000000	-1006.000000	961.000000	132.372910	1122354
1	1	             minirad	0	5401.000000	-1029.600000	960.000000	151.189957	1757424
1	1	                 ste	0	5557.000000	-1006.000000	961.000000	150.200923	3217713
1	1	                 ste	0	5557.000000	-1006.000000	961.000000	33.840582	3289919
1	1	          Polimaster	0	5461.000000	-1035.500000	960.000000	356.013000	3545491
1	1	          Polimaster	0	5461.000000	-1035.500000	960.000000	80.153241	3741234
1	1	          Polimaster	0	5461.000000	-1035.500000	960.000000	69.322395	4449659
1	1	                 ste	0	5557.000000	-1006.000000	961.000000	64.969855	5026306
1	1	          Polimaster	0	5461.000000	-1035.500000	960.000000	22.283554	5257220
1	1	                 ste	0	5557.000000	-1006.000000	961.000000	127.238595	12759
1	1	                 ste	0	5557.000000	-1006.000000	961.000000	4.282760	1318531
1	1	                 ste	0	5557.000000	-1006.000000	961.000000	237.861974	1579544
1	1	             minirad	0	5401.000000	-1029.600000	960.000000	30.973000	1796417
1	1	          Polimaster	0	5461.000000	-1035.500000	960.000000	183.495228	1847153
1	1	                 ste	0	5557.000000	-1006.000000	961.000000	30.973000	2727708
1	1	             minirad	0	5401.000000	-1029.600000	960.000000	76.538632	4325218
1	1	             minirad	0	5401.000000	-1029.600000	960.000000	137.054322	5064841
1	1	          Polimaster	0	5461.000000	-1035.500000	960.000000	151.912756	5344666
1	1	          Polimaster	0	5461.000000	-1035.500000	960.000000	80.997100	5493377
1	1	             minirad	0	5401.000000	-1029.600000	960.000000	80.997100	5651019
1	1	          Polimaster	0	5461.000000	-1035.500000	960.000000	356.013000	276838
1	1	             minirad	0	5401.000000	-1029.600000	960.000000	80.997100	479699
1	1	             minirad	0	5401.000000	-1029.600000	960.000000	161.612652	565601
1	1	          Polimaster	0	5461.000000	-1035.500000	960.000000	30.973000	688347
1	1	                 ste	0	5557.000000	-1006.000000	961.000000	116.005808	1423112
1	1	             minirad	0	5401.000000	-1029.600000	960.000000	80.997100	1950198
1	1	             minirad	0	5401.000000	-1029.600000	960.000000	226.993639	2269046
1	1	          Polimaster	0	5461.000000	-1035.500000	960.000000	137.765371	2444408
1	1	             minirad	0	5401.000000	-1029.600000	960.000000	170.600306	2590923
1	1	             minirad	0	5401.000000	-1029.600000	960.000000	80.997100	2729942
1	1	          Polimaster	0	5461.000000	-1035.500000	960.000000	302.851000	3058171
1	1	          Polimaster	0	5461.000000	-1035.500000	960.000000	83.154245	3121689
1	1	          Polimaster	0	5461.000000	-1035.500000	960.000000	218.900085	4034344
1	1	          Polimaster	0	5461.000000	-1035.500000	960.000000	32.380565	4039557
1	1	             minirad	0	5401.000000	-1029.600000	960.000000	72.001314	4781883
1	1	          Polimaster	0	5461.000000	-1035.500000	960.000000	78.579143	882918
1	1	          Polimaster	0	5461.000000	-1035.500000	960.000000	141.851362	1469258
1	1	          Polimaster	0	5461.000000	-1035.500000	960.000000	30.625000	1998081
1	1	                 ste	0	5557.000000	-1006.000000	961.000000	127.346743	2107696
1	1	          Polimaster	0	5461.000000	-1035.500000	960.000000	69.720046	2865406
1	1	          Polimaster	0	5461.000000	-1035.500000	960.000000	238.782438	3175491
1	1	                 ste	0	5557.000000	-1006.000000	961.000000	276.400000	3507337
1	1	                 ste	0	5557.000000	-1006.000000	961.000000	356.013000	3746367
1	1	             minirad	0	5401.000000	-1029.600000	960.000000	80.997100	3969119
1	1	          Polimaster	0	5461.000000	-1035.500000	960.000000	30.973000	4771167
1	1	                 ste	0	5557.000000	-1006.000000	961.000000	53.669866	4857033
1	1	                 ste	0	5557.000000	-1006.000000	961.000000	65.045877	4975657
1	1	             minirad	0	5401.000000	-1029.600000	960.000000	276.400000	80190
1	1	                 ste	0	5557.000000	-1006.000000	961.000000	50.017272	184059
1	1	             minirad	0	5401.000000	-1029.600000	960.000000	213.669727	1556030
1	1	          Polimaster	0	5461.000000	-1035.500000	960.000000	80.997100	1975772
1	1	             minirad	0	5401.000000	-1029.600000	960.000000	80.997100	1991045
1	1	          Polimaster	0	5461.000000	-1035.500000	960.000000	30.973000	2388288
1	1	          Polimaster	0	5461.000000	-1035.500000	960.000000	356.013000	2579032
1	1	             minirad	0	5401.000000	-1029.600000	960.000000	81.607909	2759048
1	1	                 ste	0	5557.000000	-1006.000000	961.000000	12.262439	3457092
1	1	          Polimaster	0	5461.000000	-1035.500000	960.000000	77.343292	3865421
1	1	          Polimaster	0	5461.000000	-1035.500000	960.000000	76.211757	4202204
1	1	          Polimaster	0	5461.000000	-1035.500000	960.000000	184.496704	4362501
1	1	                 ste	0	5557.000000	-1006.000000	961.000000	70.742287	5031491
1	1	          Polimaster	0	5461.000000	-1035.500000	960.000000	30.973000	110584
1	1	             minirad	0	5401.000000	-1029.600000	960.000000	133.748118	1099285
1	1	                 ste	0	5557.000000	-1006.000000	961.000000	9.966815	2456352
1	1	                 ste	0	5557.000000	-1006.000000	961.000000	356.013000	2699838
1	1	                 ste	0	5557.000000	-1006.000000	961.000000	80.997100	3051064
1	1	                 ste	0	5557.000000	-1006.000000	961.000000	80.997100	3161202
1	1	          Polimaster	0	5461.000000	-1035.500000	960.000000	99.389874	3353992
1	1	                 ste	0	5557.000000	-1006.000000	961.000000	62.655961	4332950
1	1	                 ste	0	5557.000000	-1006.000000	961.000000	147.986042	4839254
1	1	                 ste	0	5557.000000	-1006.000000	961.000000	167.036279	5362408
1	1	                 ste	0	5557.000000	-1006.000000	961.000000	97.931265	410794
1	1	             minirad	0	5401.000000	-1029.600000	960.000000	104.042243	739048
1	1	                 ste	0	5557.000000	-1006.000000	961.000000	80.997100	981841
1	1	          Polimaster	0	5461.000000	-1035.500000	960.000000	118.799332	1235377
1	1	                 ste	0	5557.000000	-1006.000000	961.000000	243.144743	1722015
1	1	                 ste	0	5557.000000	-1006.000000	961.000000	80.997100	2869169
1	1	                 ste	0	5557.000000	-1006.000000	961.000000	88.226551	3643867
1	1	             minirad	0	5401.000000	-1029.600000	960.000000	28.742123	3889530
1	1	          Polimaster	0	5461.000000	-1035.500000	960.000000	9.184784	4127233
1	1	                 ste	0	5557.000000	-1006.000000	961.000000	276.400000	4648757
1	1	          Polimaster	0	5461.000000	-1035.500000	960.000000	57.018374	5137193
1	1	             minirad	0	5401.000000	-1029.600000	960.000000	66.268228	5335811
1	1	                 ste	0	5557.000000	-1006.000000	961.000000	80.997100	25386
1	1	          Polimaster	0	5461.000000	-1035.500000	960.000000	144.299090	85369
1	1	                 ste	0	5557.000000	-1006.000000	961.000000	80.997100	1122619
1	1	                 ste	0	5557.000000	-1006.000000	961.000000	2.563931	1253592
1	1	             minirad	0	5401.000000	-1029.600000	960.000000	69.821536	1309439
1	1	                 ste	0	5557.000000	-1006.000000	961.000000	34.987000	1463433
1	1	          Polimaster	0	5461.000000	-1035.500000	960.000000	80.997100	1874297
1	1	                 ste	0	5557.000000	-1006.000000	961.000000	133.246464	2410989
1	1	          Polimaster	0	5461.000000	-1035.500000	960.000000	188.966602	3619609
1	1	          Polimaster	0	5461.000000	-1035.500000	960.000000	76.023896	3945996
1	1	          Polimaster	0	5461.000000	-1035.500000	960.000000	199.925947	4117004
1	1	                 ste	0	5557.000000	-1006.000000	961.000000	302.851000	5298940
1	1	             minirad	0	5401.000000	-1029.600000	960.000000	210.880455	5573425
1	1	             minirad	0	5401.000000	-1029.600000	960.000000	34.920000	156300
1	1	                 ste	0	5557.000000	-1006.000000	961.000000	28.960943	284708
1	1	             minirad	0	5401.000000	-1029.600000	960.000000	30.973000	349943
1	1	             minirad	0	5401.000000	-1029.600000	960.000000	106.348920	702598
1	1	                 ste	0	5557.000000	-1006.000000	961.000000	2.766196	1021509
1	1	             minirad	0	5401.000000	-1029.600000	960.000000	302.851000	1123581
1	1	          Polimaster	0	5461.000000	-1035.500000	960.000000	6.652053	1195273
1	1	             minirad	0	5401.000000	-1029.600000	960.000000	30.349431	2397215
1	1	          Polimaster	0	5461.000000	-1035.500000	960.000000	80.997100	3061058
1	1	                 ste	0	5557.000000	-1006.000000	961.000000	13.375886	3466284
1	1	                 ste	0	5557.000000	-1006.000000	961.000000	203.527057	5332916
1	1	          Polimaster	0	5461.000000	-1035.500000	960.000000	113.100060	206355
1	1	             minirad	0	5401.000000	-1029.600000	960.000000	276.400000	411534
1	1	                 ste	0	5557.000000	-1006.000000	961.000000	80.997100	683205
1	1	             minirad	0	5401.000000	-1029.600000	960.000000	68.281894	890544
1	1	                 ste	0	5557.000000	-1006.000000	961.000000	30.973000	1006031
1	1	                 ste	0	5557.000000	-1006.000000	961.000000	30.973000	1532631
1	1	                 ste	0	5557.000000	-1006.000000	961.000000	80.997100	1741944
1	1	             minirad	0	5401.000000	-1029.600000	960.000000	26.861175	1902343
1	1	                 ste	0	5557.000000	-1006.000000	961.000000	51.205585	3820801
1	1	             minirad	0	5401.000000	-1029.600000	960.000000	102.892734	4111956
1	1	                 ste	0	5557.000000	-1006.000000	961.000000	29.454942	4995707
1	1	                 ste	0	5557.000000	-1006.000000	961.000000	30.625000	5102392
1	1	             minirad	0	5401.000000	-1029.600000	960.000000	284.236062	5383806
1	1	                 ste	0	5557.000000	-1006.000000	961.000000	80.997100	1305948
1	1	                 ste	0	5557.000000	-1006.000000	961.000000	80.997100	2144566
1	1	                 ste	0	5557.000000	-1006.000000	961.000000	30.973000	2319216
1	1	             minirad	0	5401.000000	-1029.600000	960.000000	179.791936	2684505
1	1	             minirad	0	5401.000000	-1029.600000	960.000000	356.013000	2760331
1	1	                 ste	0	5557.000000	-1006.000000	961.000000	30.973000	4574972
1	1	             minirad	0	5401.000000	-1029.600000	960.000000	115.195179	4769083
1	1	             minirad	0	5401.000000	-1029.600000	960.000000	60.578885	5161324
1	1	                 ste	0	5557.000000	-1006.000000	961.000000	32.285189	5644
1	1	          Polimaster	0	5461.000000	-1035.500000	960.000000	30.126321	182518
1	1	          Polimaster	0	5461.000000	-1035.500000	960.000000	35.230147	226524
1	1	                 ste	0	5557.000000	-1006.000000	961.000000	30.625000	472703
1	1	                 ste	0	5557.000000	-1006.000000	961.000000	30.973000	2805620
1	1	          Polimaster	0	5461.000000	-1035.500000	960.000000	30.973000	2867392
1	1	                 ste	0	5557.000000	-1006.000000	961.000000	30.973000	3270083
1	1	                 ste	0	5557.000000	-1006.000000	961.000000	172.848850	3421470
1	1	          Polimaster	0	5461.000000	-1035.500000	960.000000	71.313079	3830422
1	1	             minirad	0	5401.000000	-1029.600000	960.000000	80.997100	4196751
1	1	             minirad	0	5401.000000	-1029.600000	960.000000	201.075232	305749
1	1	          Polimaster	0	5461.000000	-1035.500000	960.000000	184.193185	749046
1	1	          Polimaster	0	5461.000000	-1035.500000	960.000000	64.940724	1173145
1	1	             minirad	0	5401.000000	-1029.600000	960.000000	30.973000	1486104
1	1	                 ste	0	5557.000000	-1006.000000	961.000000	5.751748	2334830
1	1	          Polimaster	0	5461.000000	-1035.500000	960.000000	82.583073	4493011
1	1	                 ste	0	5557.000000	-1006.000000	961.000000	89.144775	5106624
1	1	          Polimaster	0	5461.000000	-1035.500000	960.000000	80.997100	34423
1	1	             minirad	0	5401.000000	-1029.600000	960.000000	356.013000	1117791
1	1	                 ste	0	5557.000000	-1006.000000	961.000000	135.655039	1836828
1	1	          Polimaster	0	5461.000000	-1035.500000	960.000000	60.396290	3236072
1	1	             minirad	0	5401.000000	-1029.600000	960.000000	28.915932	4254700
1	1	             minirad	0	5401.000000	-1029.600000	960.000000	41.679942	4794147
1	1	          Polimaster	0	5461.000000	-1035.500000	960.000000	80.997100	27615
1	1	          Polimaster	0	5461.000000	-1035.500000	960.000000	111.170755	34546
1	1	                 ste	0	5557.000000	-1006.000000	961.000000	68.384706	1108196
1	1	          Polimaster	0	5461.000000	-1035.500000	960.000000	27.089391	1270806
1	1	             minirad	0	5401.000000	-1029.600000	960.000000	119.427425	1655424
1	1	          Polimaster	0	5461.000000	-1035.500000	960.000000	143.651160	2203984
1	1	          Polimaster	0	5461.000000	-1035.500000	960.000000	170.643349	2276625
1	1	          Polimaster	0	5461.000000	-1035.500000	960.000000	52.335247	2396976
1	1	          Polimaster	0	5461.000000	-1035.500000	960.000000	147.825859	3186986
1	1	                 ste	0	5557.000000	-1006.000000	961.000000	290.082307	4532561
1	1	                 ste	0	5557.000000	-1006.000000	961.000000	76.101850	4993939
1	1	             minirad	0	5401.000000	-1029.600000	960.000000	127.361773	2711338
1	1	          Polimaster	0	5461.000000	-1035.500000	960.000000	76.171662	2748973
1	1	          Polimaster	0	5461.000000	-1035.500000	960.000000	235.760495	2808917
1	1	             minirad	0	5401.000000	-1029.600000	960.000000	211.795209	2973061
1	1	             minirad	0	5401.000000	-1029.600000	960.000000	28.050516	3031309
1	1	             minirad	0	5401.000000	-1029.600000	960.000000	103.985508	3072003
1	1	          Polimaster	0	5461.000000	-1035.500000	960.000000	48.865023	3399620
1	1	          Polimaster	0	5461.000000	-1035.500000	960.000000	161.189582	3762520
1	1	                 ste	0	5557.000000	-1006.000000	961.000000	47.077208	3929308
1	1	                 ste	0	5557.000000	-1006.000000	961.000000	30.973000	4144290
1	1	          Polimaster	0	5461.000000	-1035.500000	960.000000	30.973000	4745319
1	1	          Polimaster	0	5461.000000	-1035.500000	960.000000	302.851000	5210435
1	1	             minirad	0	5401.000000	-1029.600000	960.000000	161.714232	435253
1	1	             minirad	0	5401.000000	-1029.600000	960.000000	194.194882	647280
1	1	             minirad	0	5401.000000	-1029.600000	960.000000	24.007627	1046617
1	1	                 ste	0	5557.000000	-1006.000000	961.000000	80.997100	1538711
1	1	                 ste	0	5557.000000	-1006.000000	961.000000	90.835202	1908290
1	1	          Polimaster	0	5461.000000	-1035.500000	960.000000	62.575799	1948989
1	1	             minirad	0	5401.000000	-1029.600000	960.000000	146.222392	2040474
1	1	             minirad	0	5401.000000	-1029.600000	960.000000	383.848000	2905736
1	1	          Polimaster	0	5461.000000	-1035.500000	960.000000	356.013000	3309010
1	1	                 ste	0	5557.000000	-1006.000000	961.000000	302.851000	3731558
1	1	          Polimaster	0	5461.000000	-1035.500000	960.000000	71.134749	4159824
1	1	          Polimaster	0	5461.000000	-1035.500000	960.000000	80.997100	4641241
1	1	             minirad	0	5401.000000	-1029.600000	960.000000	80.997100	4987390
1	1	             minirad	0	5401.000000	-1029.600000	960.000000	356.013000	558176
1	1	          Polimaster	0	5461.000000	-1035.500000	960.000000	29.944006	621050
1	1	                 ste	0	5557.000000	-1006.000000	961.000000	302.851000	643019
1	1	                 ste	0	5557.000000	-1006.000000	961.000000	31.914606	2389119
1	1	          Polimaster	0	5461.000000	-1035.500000	960.000000	74.029007	2701300
1	1	                 ste	0	5557.000000	-1006.000000	961.000000	79.613900	5053251
1	1	          Polimaster	0	5461.000000	-1035.500000	960.000000	163.748177	5422002
1	1	          Polimaster	0	5461.000000	-1035.500000	960.000000	383.848000	641892
1	1	                 ste	0	5557.000000	-1006.000000	961.000000	120.573921	779231
1	1	          Polimaster	0	5461.000000	-1035.500000	960.000000	80.997100	951866
1	1	             minirad	0	5401.000000	-1029.600000	960.000000	168.971287	1744365
1	1	          Polimaster	0	5461.000000	-1035.500000	960.000000	30.625000	1784937
1	1	          Polimaster	0	5461.000000	-1035.500000	960.000000	302.851000	1868578
1	1	                 ste	0	5557.000000	-1006.000000	961.000000	167.424082	2603447
1	1	                 ste	0	5557.000000	-1006.000000	961.000000	35.818000	3509542
1	1	             minirad	0	5401.000000	-1029.600000	960.000000	147.863952	3765283
1	1	          Polimaster	0	5461.000000	-1035.500000	960.000000	21.672870	4024697
1	1	                 ste	0	5557.000000	-1006.000000	961.000000	71.676175	4045179
1	1	          Polimaster	0	5461.000000	-1035.500000	960.000000	28.309372	4620308
1	1	          Polimaster	0	5461.000000	-1035.500000	960.000000	30.842804	5342610
1	1	             minirad	0	5401.000000	-1029.600000	960.000000	28.710622	385884
1	1	             minirad	0	5401.000000	-1029.600000	960.000000	146.864438	1068422
1	1	                 ste	0	5557.000000	-1006.000000	961.000000	25.982887	2224917
1	1	                 ste	0	5557.000000	-1006.000000	961.000000	63.712004	3119869
1	1	          Polimaster	0	5461.000000	-1035.500000	960.000000	80.997100	3126900
1	1	                 ste	0	5557.000000	-1006.000000	961.000000	166.597194	3210764
1	1	                 ste	0	5557.000000	-1006.000000	961.000000	80.997100	3963569
1	1	          Polimaster	0	5461.000000	-1035.500000	960.000000	75.554694	4005306
1	1	             minirad	0	5401.000000	-1029.600000	960.000000	302.851000	4230315
1	1	             minirad	0	5401.000000	-1029.600000	960.000000	80.997100	4386064
1	1	          Polimaster	0	5461.000000	-1035.500000	960.000000	220.513952	4520119
1	1	                 ste	0	5557.000000	-1006.000000	961.000000	30.973000	5077637
1	1	          Polimaster	0	5461.000000	-1035.500000	960.000000	259.651767	5480781
1	1	                 ste	0	5557.000000	-1006.000000	961.000000	72.124327	489735
1	1	                 ste	0	5557.000000	-1006.000000	961.000000	35.483628	882264
1	1	                 ste	0	5557.000000	-1006.000000	961.000000	30.625000	949821
1	1	             minirad	0	5401.000000	-1029.600000	960.000000	167.562543	1917331
1	1	             minirad	0	5401.000000	-1029.600000	960.000000	141.856323	2070445
1	1	                 ste	0	5557.000000	-1006.000000	961.000000	132.262823	2560432
1	1	                 ste	0	5557.000000	-1006.000000	961.000000	48.727852	3366510
1	1	                 ste	0	5557.000000	-1006.000000	961.000000	80.794579	3412457
1	1	                 ste	0	5557.000000	-1006.000000	961.000000	383.848000	3650492
1	1	                 ste	0	5557.000000	-1006.000000	961.000000	79.204817	3685816
1	1	                 ste	0	5557.000000	-1006.000000	961.000000	74.727105	3969541
1	1	          Polimaster	0	5461.000000	-1035.500000	960.000000	356.013000	4012387
1	1	                 ste	0	5557.000000	-1006.000000	961.000000	72.915402	4351084
1	1	          Polimaster	0	5461.000000	-1035.500000	960.000000	290.255069	4389525
1	1	                 ste	0	5557.000000	-1006.000000	961.000000	30.973000	5346251
1	1	             minirad	0	5401.000000	-1029.600000	960.000000	302.851000	8687
1	1	          Polimaster	0	5461.000000	-1035.500000	960.000000	356.013000	1523625
1	1	             minirad	0	5401.000000	-1029.600000	960.000000	73.253064	1971128
1	1	          Polimaster	0	5461.000000	-1035.500000	960.000000	30.973000	2217045
1	1	          Polimaster	0	5461.000000	-1035.500000	960.000000	80.797573	4032145
1	1	                 ste	0	5557.000000	-1006.000000	961.000000	30.973000	4309789
1	1	             minirad	0	5401.000000	-1029.600000	960.000000	22.088928	4577070
1	1	          Polimaster	0	5461.000000	-1035.500000	960.000000	19.703050	4596374
1	1	                 ste	0	5557.000000	-1006.000000	961.000000	131.379291	4995366
1	1	          Polimaster	0	5461.000000	-1035.500000	960.000000	30.973000	5469096
1	1	          Polimaster	0	5461.000000	-1035.500000	960.000000	30.973000	501522
1	1	             minirad	0	5401.000000	-1029.600000	960.000000	183.347328	2178749
1	1	          Polimaster	0	5461.000000	-1035.500000	960.000000	80.997100	2922955
1	1	          Polimaster	0	5461.000000	-1035.500000	960.000000	276.400000	3521501
1	1	          Polimaster	0	5461.000000	-1035.500000	960.000000	80.997100	3660921
1	1	          Polimaster	0	5461.000000	-1035.500000	960.000000	143.232279	4227268
1	1	          Polimaster	0	5461.000000	-1035.500000	960.000000	72.699765	239627
1	1	                 ste	0	5557.000000	-1006.000000	961.000000	30.973000	365079
1	1	                 ste	0	5557.000000	-1006.000000	961.000000	302.851000	681390
1	1	          Polimaster	0	5461.000000	-1035.500000	960.000000	148.301755	734123
1	1	          Polimaster	0	5461.000000	-1035.500000	960.000000	34.920000	1417740
1	1	                 ste	0	5557.000000	-1006.000000	961.000000	356.013000	1585693
1	1	                 ste	0	5557.000000	-1006.000000	961.000000	113.605796	1712156
1	1	             minirad	0	5401.000000	-1029.600000	960.000000	50.375300	3334842
1	1	          Polimaster	0	5461.000000	-1035.500000	960.000000	195.106022	3680960
1	1	          Polimaster	0	5461.000000	-1035.500000	960.000000	356.013000	3874601
1	1	          Polimaster	0	5461.000000	-1035.500000	960.000000	325.034100	4542932
1	1	          Polimaster	0	5461.000000	-1035.500000	960.000000	29.518926	4572070
1	1	             minirad	0	5401.000000	-1029.600000	960.000000	80.997100	5014687
1	1	          Polimaster	0	5461.000000	-1035.500000	960.000000	30.230213	5464586
1	1	          Polimaster	0	5461.000000	-1035.500000	960.000000	183.487340	355863
1	1	             minirad	0	5401.000000	-1029.600000	960.000000	80.997100	1209627
1	1	                 ste	0	5557.000000	-1006.000000	961.000000	80.997100	1989113
1	1	             minirad	0	5401.000000	-1029.600000	960.000000	184.579471	2191084
1	1	          Polimaster	0	5461.000000	-1035.500000	960.000000	80.997100	3314560
1	1	          Polimaster	0	5461.000000	-1035.500000	960.000000	100.332413	4263134
1	1	          Polimaster	0	5461.000000	-1035.500000	960.000000	83.594139	4335141
1	1	             minirad	0	5401.000000	-1029.600000	960.000000	80.997100	695299
1	1	          Polimaster	0	5461.000000	-1035.500000	960.000000	105.648748	1206942
1	1	             minirad	0	5401.000000	-1029.600000	960.000000	276.400000	1489064
1	1	          Polimaster	0	5461.000000	-1035.500000	960.000000	46.706811	1780556
1	1	             minirad	0	5401.000000	-1029.600000	960.000000	115.424341	2377901
1	1	                 ste	0	5557.000000	-1006.000000	961.000000	34.987000	2380248
1	1	                 ste	0	5557.000000	-1006.000000	961.000000	80.997100	3584095
1	1	          Polimaster	0	5461.000000	-1035.500000	960.000000	57.272184	3712617
1	1	                 ste	0	5557.000000	-1006.000000	961.000000	30.973000	4045574
1	1	             minirad	0	5401.000000	-1029.600000	960.000000	68.036713	5127871
1	1	             minirad	0	5401.000000	-1029.600000	960.000000	79.613900	5453647
1	1	                 ste	0	5557.000000	-1006.000000	961.000000	34.987000	5485439
1	1	                 ste	0	5557.000000	-1006.000000	961.000000	80.997100	1970566
1	1	          Polimaster	0	5461.000000	-1035.500000	960.000000	113.558516	2010284
1	1	                 ste	0	5557.000000	-1006.000000	961.000000	141.763845	2317660
1	1	                 ste	0	5557.000000	-1006.000000	961.000000	29.610559	3212325
1	1	          Polimaster	0	5461.000000	-1035.500000	960.000000	49.214526	4129826
1	1	          Polimaster	0	5461.000000	-1035.500000	960.000000	302.851000	4884592
1	1	          Polimaster	0	5461.000000	-1035.500000	960.000000	356.013000	5157250
1	1	          Polimaster	0	5461.000000	-1035.500000	960.000000	383.848000	5183240
1	1	                 ste	0	5557.000000	-1006.000000	961.000000	356.013000	5220825
1	1	             minirad	0	5401.000000	-1029.600000	960.000000	103.592925	5572300
1	1	          Polimaster	0	5461.000000	-1035.500000	960.000000	276.400000	742288
1	1	                 ste	0	5557.000000	-1006.000000	961.000000	30.625000	1679529
1	1	                 ste	0	5557.000000	-1006.000000	961.000000	60.047365	2328698
1	1	             minirad	0	5401.000000	-1029.600000	960.000000	58.705748	2401394
1	1	             minirad	0	5401.000000	-1029.600000	960.000000	188.681453	3482020
1	1	             minirad	0	5401.000000	-1029.600000	960.000000	302.851000	3758702
1	1	                 ste	0	5557.000000	-1006.000000	961.000000	302.851000	4707355
1	1	                 ste	0	5557.000000	-1006.000000	961.000000	61.964940	5257838
1	1	          Polimaster	0	5461.000000	-1035.500000	960.000000	356.013000	5403046
1	1	                 ste	0	5557.000000	-1006.000000	961.000000	383.848000	5458088
1	1	          Polimaster	0	5461.000000	-1035.500000	960.000000	124.790189	5473043
1	1	          Polimaster	0	5461.000000	-1035.500000	960.000000	103.285039	227553
1	1	             minirad	0	5401.000000	-1029.600000	960.000000	53.162500	903719
1	1	                 ste	0	5557.000000	-1006.000000	961.000000	30.973000	927710
1	1	          Polimaster	0	5461.000000	-1035.500000	960.000000	117.534537	1455245
1	1	          Polimaster	0	5461.000000	-1035.500000	960.000000	30.973000	1498292
1	1	                 ste	0	5557.000000	-1006.000000	961.000000	120.131845	1705604
1	1	          Polimaster	0	5461.000000	-1035.500000	960.000000	30.973000	3823525
1	1	             minirad	0	5401.000000	-1029.600000	960.000000	234.212003	4100567
1	1	             minirad	0	5401.000000	-1029.600000	960.000000	30.973000	4159874
1	1	             minirad	0	5401.000000	-1029.600000	960.000000	80.997100	4553108
1	1	          Polimaster	0	5461.000000	-1035.500000	960.000000	356.013000	5395493
1	1	          Polimaster	0	5461.000000	-1035.500000	960.000000	356.013000	1726094
1	1	          Polimaster	0	5461.000000	-1035.500000	960.000000	30.625000	2783548
1	1	          Polimaster	0	5461.000000	-1035.500000	960.000000	302.851000	3576664
1	1	                 ste	0	5557.000000	-1006.000000	961.000000	30.625000	4041972
1	1	          Polimaster	0	5461.000000	-1035.500000	960.000000	80.152302	4124736
1	1	          Polimaster	0	5461.000000	-1035.500000	960.000000	356.013000	4418923
1	1	                 ste	0	5557.000000	-1006.000000	961.000000	131.233546	4916151
1	1	                 ste	0	5557.000000	-1006.000000	961.000000	80.997100	305775
1	1	                 ste	0	5557.000000	-1006.000000	961.000000	302.851000	443242
1	1	          Polimaster	0	5461.000000	-1035.500000	960.000000	30.625000	1996672
1	1	          Polimaster	0	5461.000000	-1035.500000	960.000000	80.997100	2186441
1	1	             minirad	0	5401.000000	-1029.600000	960.000000	70.826450	2439504
1	1	             minirad	0	5401.000000	-1029.600000	960.000000	80.997100	3259376
1	1	          Polimaster	0	5461.000000	-1035.500000	960.000000	356.013000	4026577
1	1	          Polimaster	0	5461.000000	-1035.500000	960.000000	30.625000	4630441
1	1	                 ste	0	5557.000000	-1006.000000	961.000000	80.997100	914812
1	1	             minirad	0	5401.000000	-1029.600000	960.000000	70.319783	1183028
1	1	          Polimaster	0	5461.000000	-1035.500000	960.000000	79.613900	1432416
1	1	                 ste	0	5557.000000	-1006.000000	961.000000	194.356706	3037130
1	1	             minirad	0	5401.000000	-1029.600000	960.000000	80.997100	4037836
1	1	                 ste	0	5557.000000	-1006.000000	961.000000	30.625000	4362450
1	1	             minirad	0	5401.000000	-1029.600000	960.000000	285.399314	5144811
1	1	                 ste	0	5557.000000	-1006.000000	961.000000	30.973000	490477
1	1	                 ste	0	5557.000000	-1006.000000	961.000000	115.198834	841830
1	1	                 ste	0	5557.000000	-1006.000000	961.000000	92.477384	1512422
1	1	          Polimaster	0	5461.000000	-1035.500000	960.000000	30.973000	2845917
1	1	                 ste	0	5557.000000	-1006.000000	961.000000	28.214956	4450531
1	1	             minirad	0	5401.000000	-1029.600000	960.000000	156.258157	5278423
1	1	          Polimaster	0	5461.000000	-1035.500000	960.000000	52.387600	1048142
1	1	             minirad	0	5401.000000	-1029.600000	960.000000	106.101487	1101009
1	1	             minirad	0	5401.000000	-1029.600000	960.000000	34.978139	1505698
1	1	                 ste	0	5557.000000	-1006.000000	961.000000	35.818000	2401313
1	1	                 ste	0	5557.000000	-1006.000000	961.000000	276.400000	3653696
1	1	          Polimaster	0	5461.000000	-1035.500000	960.000000	192.381858	4202757
1	1	                 ste	0	5557.000000	-1006.000000	961.000000	309.213064	4489135
1	1	          Polimaster	0	5461.000000	-1035.500000	960.000000	80.997100	4910918
1	1	                 ste	0	5557.000000	-1006.000000	961.000000	174.769577	5387614
1	1	                 ste	0	5557.000000	-1006.000000	961.000000	79.613900	271045
1	1	                 ste	0	5557.000000	-1006.000000	961.000000	169.339816	1574899
1	1	             minirad	0	5401.000000	-1029.600000	960.000000	30.973000	1596263
1	1	                 ste	0	5557.000000	-1006.000000	961.000000	27.076513	2372091
1	1	                 ste	0	5557.000000	-1006.000000	961.000000	78.666259	2450527
1	1	                 ste	0	5557.000000	-1006.000000	961.000000	280.381007	2734047
1	1	             minirad	0	5401.000000	-1029.600000	960.000000	128.600479	3834058
1	1	             minirad	0	5401.000000	-1029.600000	960.000000	68.026938	4482746
1	1	          Polimaster	0	5461.000000	-1035.500000	960.000000	94.325218	4884869
1	1	             minirad	0	5401.000000	-1029.600000	960.000000	142.340924	16499
1	1	                 ste	0	5557.000000	-1006.000000	961.000000	120.882231	529364
1	1	                 ste	0	5557.000000	-1006.000000	961.000000	184.216245	807656
1	1	             minirad	0	5401.000000	-1029.600000	960.000000	193.502543	861938
1	1	                 ste	0	5557.000000	-1006.000000	961.000000	35.818000	1243636
1	1	                 ste	0	5557.000000	-1006.000000	961.000000	80.997100	1735154
1	1	             minirad	0	5401.000000	-1029.600000	960.000000	71.087700	2326031
1	1	          Polimaster	0	5461.000000	-1035.500000	960.000000	80.997100	2356526
1	1	                 ste	0	5557.000000	-1006.000000	961.000000	28.500330	2540804
1	1	             minirad	0	5401.000000	-1029.600000	960.000000	30.973000	2845197
1	1	                 ste	0	5557.000000	-1006.000000	961.000000	80.997100	3238814
1	1	          Polimaster	0	5461.000000	-1035.500000	960.000000	30.973000	3438255
1	1	          Polimaster	0	5461.000000	-1035.500000	960.000000	34.920000	3478011
1	1	          Polimaster	0	5461.000000	-1035.500000	960.000000	143.247950	4376385
1	1	                 ste	0	5557.000000	-1006.000000	961.000000	29.366666	4673766
1	1	             minirad	0	5401.000000	-1029.600000	960.000000	73.872156	4957202
1	1	                 ste	0	5557.000000	-1006.000000	961.000000	30.625000	5269595
1	1	                 ste	0	5557.000000	-1006.000000	961.000000	80.997100	5320542
1	1	             minirad	0	5401.000000	-1029.600000	960.000000	52.387600	162970
1	1	                 ste	0	5557.000000	-1006.000000	961.000000	97.605886	551134
1	1	                 ste	0	5557.000000	-1006.000000	961.000000	30.973000	767429
1	1	             minirad	0	5401.000000	-1029.600000	960.000000	30.973000	2195550
1	1	          Polimaster	0	5461.000000	-1035.500000	960.000000	356.013000	2353554
1	1	             minirad	0	5401.000000	-1029.600000	960.000000	30.973000	4199550
1	1	             minirad	0	5401.000000	-1029.600000	960.000000	161.453067	281383
1	1	          Polimaster	0	5461.000000	-1035.500000	960.000000	118.271989	461357
1	1	          Polimaster	0	5461.000000	-1035.500000	960.000000	30.973000	936709
1	1	          Polimaster	0	5461.000000	-1035.500000	960.000000	356.013000	982277
1	1	          Polimaster	0	5461.000000	-1035.500000	960.000000	30.973000	1021977
1	1	             minirad	0	5401.000000	-1029.600000	960.000000	80.997100	1619866
1	1	          Polimaster	0	5461.000000	-1035.500000	960.000000	130.946185	1693872
1	1	          Polimaster	0	5461.000000	-1035.500000	960.000000	137.620712	1819168
1	1	             minirad	0	5401.000000	-1029.600000	960.000000	139.763427	3246875
1	1	          Polimaster	0	5461.000000	-1035.500000	960.000000	152.862225	3535874
1	1	             minirad	0	5401.000000	-1029.600000	960.000000	229.460510	3641104
1	1	          Polimaster	0	5461.000000	-1035.500000	960.000000	89.416639	4240918
1	1	             minirad	0	5401.000000	-1029.600000	960.000000	98.486529	5184373
1	1	                 ste	0	5557.000000	-1006.000000	961.000000	136.327899	188943
1	1	                 ste	0	5557.000000	-1006.000000	961.000000	34.987000	472897
1	1	          Polimaster	0	5461.000000	-1035.500000	960.000000	30.973000	725728
1	1	          Polimaster	0	5461.000000	-1035.500000	960.000000	80.997100	1186706
1	1	             minirad	0	5401.000000	-1029.600000	960.000000	62.071443	3497003
1	1	                 ste	0	5557.000000	-1006.000000	961.000000	30.625000	4078679
1	1	                 ste	0	5557.000000	-1006.000000	961.000000	276.400000	4926475
1	1	          Polimaster	0	5461.000000	-1035.500000	960.000000	147.782186	5217844
1	1	          Polimaster	0	5461.000000	-1035.500000	960.000000	356.013000	5526626
1	1	          Polimaster	0	5461.000000	-1035.500000	960.000000	109.971541	5544246
1	1	                 ste	0	5557.000000	-1006.000000	961.000000	71.117064	11690
1	1	                 ste	0	5557.000000	-1006.000000	961.000000	97.860516	187259
1	1	          Polimaster	0	5461.000000	-1035.500000	960.000000	30.379911	273524
1	1	          Polimaster	0	5461.000000	-1035.500000	960.000000	75.021386	445065
1	1	          Polimaster	0	5461.000000	-1035.500000	960.000000	34.987000	638626
1	1	          Polimaster	0	5461.000000	-1035.500000	960.000000	66.698013	755001
1	1	                 ste	0	5557.000000	-1006.000000	961.000000	55.445172	934569
1	1	          Polimaster	0	5461.000000	-1035.500000	960.000000	356.013000	1055303
1	1	                 ste	0	5557.000000	-1006.000000	961.000000	30.973000	1765074
1	1	          Polimaster	0	5461.000000	-1035.500000	960.000000	194.953551	2879464
1	1	          Polimaster	0	5461.000000	-1035.500000	960.000000	30.973000	4225316
1	1	                 ste	0	5557.000000	-1006.000000	961.000000	29.665613	4279021
1	1	             minirad	0	5401.000000	-1029.600000	960.000000	30.973000	5025157
1	1	          Polimaster	0	5461.000000	-1035.500000	960.000000	28.115109	5445900
1	1	                 ste	0	5557.000000	-1006.000000	961.000000	27.052131	93798
1	1	          Polimaster	0	5461.000000	-1035.500000	960.000000	120.682749	554265
1	1	                 ste	0	5557.000000	-1006.000000	961.000000	53.162500	1018531
1	1	                 ste	0	5557.000000	-1006.000000	961.000000	53.162500	1124445
1	1	          Polimaster	0	5461.000000	-1035.500000	960.000000	136.832096	1146337
1	1	          Polimaster	0	5461.000000	-1035.500000	960.000000	356.013000	3170581
1	1	          Polimaster	0	5461.000000	-1035.500000	960.000000	356.013000	4801330
1	1	          Polimaster	0	5461.000000	-1035.500000	960.000000	52.690600	5316729
1	1	          Polimaster	0	5461.000000	-1035.500000	960.000000	146.501510	277576
1	1	                 ste	0	5557.000000	-1006.000000	961.000000	383.848000	1263936
1	1	             minirad	0	5401.000000	-1029.600000	960.000000	6.680500	1529967
1	1	          Polimaster	0	5461.000000	-1035.500000	960.000000	1.381363	1626537
1	1	          Polimaster	0	5461.000000	-1035.500000	960.000000	356.013000	1860399
1	1	             minirad	0	5401.000000	-1029.600000	960.000000	38.878878	2617765
1	1	          Polimaster	0	5461.000000	-1035.500000	960.000000	30.176686	2825801
1	1	             minirad	0	5401.000000	-1029.600000	960.000000	105.948747	3189945
1	1	          Polimaster	0	5461.000000	-1035.500000	960.000000	138.845934	3284282
1	1	                 ste	0	5557.000000	-1006.000000	961.000000	119.630842	4245551
1	1	                 ste	0	5557.000000	-1006.000000	961.000000	173.381695	4459573
1	1	             minirad	0	5401.000000	-1029.600000	960.000000	30.673731	4973761
1	1	             minirad	0	5401.000000	-1029.600000	960.000000	35.818000	153042
1	1	                 ste	0	5557.000000	-1006.000000	961.000000	96.793610	590866
1	1	          Polimaster	0	5461.000000	-1035.500000	960.000000	70.368585	1855597
1	1	                 ste	0	5557.000000	-1006.000000	961.000000	28.404910	4059208
1	1	                 ste	0	5557.000000	-1006.000000	961.000000	30.625000	4431030
1	1	                 ste	0	5557.000000	-1006.000000	961.000000	30.105981	378989
1	1	                 ste	0	5557.000000	-1006.000000	961.000000	80.997100	460033
1	1	             minirad	0	5401.000000	-1029.600000	960.000000	30.973000	611392
1	1	             minirad	0	5401.000000	-1029.600000	960.000000	123.167932	670215
1	1	             minirad	0	5401.000000	-1029.600000	960.000000	30.987256	730082
1	1	                 ste	0	5557.000000	-1006.000000	961.000000	151.258365	1608428
1	1	          Polimaster	0	5461.000000	-1035.500000	960.000000	30.973000	3469105
1	1	                 ste	0	5557.000000	-1006.000000	961.000000	35.369076	3725912
1	1	             minirad	0	5401.000000	-1029.600000	960.000000	199.023999	4366199
1	1	             minirad	0	5401.000000	-1029.600000	960.000000	191.637265	63566
1	1	                 ste	0	5557.000000	-1006.000000	961.000000	298.200716	156405
1	1	                 ste	0	5557.000000	-1006.000000	961.000000	72.101619	1017624
1	1	          Polimaster	0	5461.000000	-1035.500000	960.000000	30.625000	1780483
1	1	                 ste	0	5557.000000	-1006.000000	961.000000	80.997100	2095711
1	1	          Polimaster	0	5461.000000	-1035.500000	960.000000	114.185680	2656856
1	1	                 ste	0	5557.000000	-1006.000000	961.000000	65.004044	3459054
1	1	                 ste	0	5557.000000	-1006.000000	961.000000	30.625000	3744559
1	1	             minirad	0	5401.000000	-1029.600000	960.000000	60.414596	4467973
1	1	          Polimaster	0	5461.000000	-1035.500000	960.000000	30.973000	4679440
1	1	          Polimaster	0	5461.000000	-1035.500000	960.000000	118.232732	5225257
1	1	          Polimaster	0	5461.000000	-1035.500000	960.000000	71.392397	59500
1	1	          Polimaster	0	5461.000000	-1035.500000	960.000000	80.997100	864301
1	1	             minirad	0	5401.000000	-1029.600000	960.000000	43.839197	2940403
1	1	                 ste	0	5557.000000	-1006.000000	961.000000	302.851000	3000350
1	1	          Polimaster	0	5461.000000	-1035.500000	960.000000	273.825036	4112491
1	1	          Polimaster	0	5461.000000	-1035.500000	960.000000	60.205128	4560700
1	1	                 ste	0	5557.000000	-1006.000000	961.000000	163.821664	5034786
1	1	                 ste	0	5557.000000	-1006.000000	961.000000	383.848000	5039211
1	1	          Polimaster	0	5461.000000	-1035.500000	960.000000	30.973000	5403986
1	1	             minirad	0	5401.000000	-1029.600000	960.000000	30.973000	5569780
1	1	                 ste	0	5557.000000	-1006.000000	961.000000	30.625000	225529
1	1	          Polimaster	0	5461.000000	-1035.500000	960.000000	152.766953	824789
1	1	             minirad	0	5401.000000	-1029.600000	960.000000	38.174217	2241980
1	1	             minirad	0	5401.000000	-1029.600000	960.000000	80.997100	4578991
1	1	          Polimaster	0	5461.000000	-1035.500000	960.000000	30.973000	4659728
1	1	                 ste	0	5557.000000	-1006.000000	961.000000	140.835322	5226983
1	1	             minirad	0	5401.000000	-1029.600000	960.000000	101.663315	5563311
1	1	          Polimaster	0	5461.000000	-1035.500000	960.000000	356.013000	96941
1	1	                 ste	0	5557.000000	-1006.000000	961.000000	165.097800	227534
1	1	                 ste	0	5557.000000	-1006.000000	961.000000	126.145868	353565
1	1	             minirad	0	5401.000000	-1029.600000	960.000000	77.759039	427087
1	1	                 ste	0	5557.000000	-1006.000000	961.000000	117.481296	1636949
1	1	             minirad	0	5401.000000	-1029.600000	960.000000	30.973000	1744464
1	1	                 ste	0	5557.000000	-1006.000000	961.000000	30.973000	2036639
1	1	          Polimaster	0	5461.000000	-1035.500000	960.000000	35.818000	2518265
1	1	          Polimaster	0	5461.000000	-1035.500000	960.000000	30.973000	2914545
1	1	             minirad	0	5401.000000	-1029.600000	960.000000	30.973000	3016425
1	1	                 ste	0	5557.000000	-1006.000000	961.000000	60.708140	4028594
1	1	          Polimaster	0	5461.000000	-1035.500000	960.000000	79.613900	4364225
1	1	          Polimaster	0	5461.000000	-1035.500000	960.000000	30.625000	5126368
1	1	          Polimaster	0	5461.000000	-1035.500000	960.000000	150.443359	5325665
1	1	          Polimaster	0	5461.000000	-1035.500000	960.000000	80.997100	2303290
1	1	             minirad	0	5401.000000	-1029.600000	960.000000	140.966526	2575081
1	1	                 ste	0	5557.000000	-1006.000000	961.000000	80.997100	3246734
1	1	                 ste	0	5557.000000	-1006.000000	961.000000	76.578683	4139150
1	1	             minirad	0	5401.000000	-1029.600000	960.000000	62.531108	4200095
1	1	                 ste	0	5557.000000	-1006.000000	961.000000	262.862214	4964430
1	1	                 ste	0	5557.000000	-1006.000000	961.000000	302.851000	5469936
1	1	          Polimaster	0	5461.000000	-1035.500000	960.000000	34.987000	421550
1	1	          Polimaster	0	5461.000000	-1035.500000	960.000000	80.997100	688598
1	1	          Polimaster	0	5461.000000	-1035.500000	960.000000	33.073537	1287397
1	1	          Polimaster	0	5461.000000	-1035.500000	960.000000	104.944114	2532447
1	1	          Polimaster	0	5461.000000	-1035.500000	960.000000	30.973000	2790014
1	1	             minirad	0	5401.000000	-1029.600000	960.000000	55.247162	2865394
1	1	                 ste	0	5557.000000	-1006.000000	961.000000	48.322765	3892094
1	1	                 ste	0	5557.000000	-1006.000000	961.000000	146.993025	4640302
1	1	                 ste	0	5557.000000	-1006.000000	961.000000	59.874072	5293314
1	1	          Polimaster	0	5461.000000	-1035.500000	960.000000	356.013000	5325077
1	1	             minirad	0	5401.000000	-1029.600000	960.000000	80.997100	219753
1	1	                 ste	0	5557.000000	-1006.000000	961.000000	356.013000	270156
1	1	                 ste	0	5557.000000	-1006.000000	961.000000	30.973000	471277
1	1	          Polimaster	0	5461.000000	-1035.500000	960.000000	191.013313	609703
1	1	          Polimaster	0	5461.000000	-1035.500000	960.000000	80.997100	995265
1	1	          Polimaster	0	5461.000000	-1035.500000	960.000000	356.013000	1569567
1	1	          Polimaster	0	5461.000000	-1035.500000	960.000000	30.625000	2536969
1	1	          Polimaster	0	5461.000000	-1035.500000	960.000000	30.625000	3025742
1	1	             minirad	0	5401.000000	-1029.600000	960.000000	129.430903	3528762
1	1	             minirad	0	5401.000000	-1029.600000	960.000000	123.332542	4606978
1	1	             minirad	0	5401.000000	-1029.600000	960.000000	29.185129	4845522
1	1	             minirad	0	5401.000000	-1029.600000	960.000000	302.851000	4898406
1	1	          Polimaster	0	5461.000000	-1035.500000	960.000000	30.625000	5092289
1	1	          Polimaster	0	5461.000000	-1035.500000	960.000000	30.103038	5208577
1	1	          Polimaster	0	5461.000000	-1035.500000	960.000000	118.887457	333747
1	1	             minirad	0	5401.000000	-1029.600000	960.000000	35.818000	650584
1	1	             minirad	0	5401.000000	-1029.600000	960.000000	150.179308	1190637
1	1	             minirad	0	5401.000000	-1029.600000	960.000000	34.959139	1305530
1	1	                 ste	0	5557.000000	-1006.000000	961.000000	103.473681	1859842
1	1	                 ste	0	5557.000000	-1006.000000	961.000000	68.431931	1890193
1	1	          Polimaster	0	5461.000000	-1035.500000	960.000000	74.336217	2003873
1	1	             minirad	0	5401.000000	-1029.600000	960.000000	178.511540	2291168
1	1	                 ste	0	5557.000000	-1006.000000	961.000000	32.081976	2302384
1	1	             minirad	0	5401.000000	-1029.600000	960.000000	59.589943	2368046
1	1	             minirad	0	5401.000000	-1029.600000	960.000000	30.625000	2641278
1	1	          Polimaster	0	5461.000000	-1035.500000	960.000000	105.805653	2643615
1	1	          Polimaster	0	5461.000000	-1035.500000	960.000000	103.295516	2780729
1	1	          Polimaster	0	5461.000000	-1035.500000	960.000000	80.997100	3144668
1	1	          Polimaster	0	5461.000000	-1035.500000	960.000000	171.559992	5247949
1	1	                 ste	0	5557.000000	-1006.000000	961.000000	156.944635	5336324
1	1	          Polimaster	0	5461.000000	-1035.500000	960.000000	30.973000	5441118
1	1	          Polimaster	0	5461.000000	-1035.500000	960.000000	54.152376	5598224
1	1	          Polimaster	0	5461.000000	-1035.500000	960.000000	107.653720	49248
1	1	          Polimaster	0	5461.000000	-1035.500000	960.000000	89.500448	635035
1	1	                 ste	0	5557.000000	-1006.000000	961.000000	80.997100	1433238
1	1	                 ste	0	5557.000000	-1006.000000	961.000000	118.479562	2096586
1	1	          Polimaster	0	5461.000000	-1035.500000	960.000000	24.553000	2556373
1	1	          Polimaster	0	5461.000000	-1035.500000	960.000000	81.458866	2738601
1	1	                 ste	0	5557.000000	-1006.000000	961.000000	356.013000	4523896
1	1	             minirad	0	5401.000000	-1029.600000	960.000000	74.382808	4569535
1	1	                 ste	0	5557.000000	-1006.000000	961.000000	383.848000	4965250
1	1	          Polimaster	0	5461.000000	-1035.500000	960.000000	160.325681	5468275
1	1	          Polimaster	0	5461.000000	-1035.500000	960.000000	34.924089	247361
1	1	             minirad	0	5401.000000	-1029.600000	960.000000	356.013000	478317
1	1	             minirad	0	5401.000000	-1029.600000	960.000000	234.354424	1338236
1	1	             minirad	0	5401.000000	-1029.600000	960.000000	127.885760	1363644
1	1	          Polimaster	0	5461.000000	-1035.500000	960.000000	161.136226	2247356
1	1	             minirad	0	5401.000000	-1029.600000	960.000000	35.818000	3115536
1	1	          Polimaster	0	5461.000000	-1035.500000	960.000000	32.622488	3943933
1	1	                 ste	0	5557.000000	-1006.000000	961.000000	30.973000	4060073
1	1	                 ste	0	5557.000000	-1006.000000	961.000000	267.828002	4269630
1	1	          Polimaster	0	5461.000000	-1035.500000	960.000000	80.997100	4342434
1	1	          Polimaster	0	5461.000000	-1035.500000	960.000000	97.048353	4347936
1	1	          Polimaster	0	5461.000000	-1035.500000	960.000000	356.013000	4700660
1	1	                 ste	0	5557.000000	-1006.000000	961.000000	69.013718	836986
1	1	                 ste	0	5557.000000	-1006.000000	961.000000	164.830707	1043503
1	1	             minirad	0	5401.000000	-1029.600000	960.000000	356.013000	1335716
1	1	          Polimaster	0	5461.000000	-1035.500000	960.000000	79.139316	1555121
1	1	             minirad	0	5401.000000	-1029.600000	960.000000	80.997100	1699859
1	1	             minirad	0	5401.000000	-1029.600000	960.000000	148.171239	1862916
1	1	             minirad	0	5401.000000	-1029.600000	960.000000	69.036691	2726480
1	1	                 ste	0	5557.000000	-1006.000000	961.000000	108.750151	3579038
1	1	                 ste	0	5557.000000	-1006.000000	961.000000	77.812875	3965884
1	1	          Polimaster	0	5461.000000	-1035.500000	960.000000	30.625000	4799023
1	1	          Polimaster	0	5461.000000	-1035.500000	960.000000	356.013000	4979860
1	1	             minirad	0	5401.000000	-1029.600000	960.000000	80.997100	5483995
1	1	          Polimaster	0	5461.000000	-1035.500000	960.000000	115.180564	260703
1	1	          Polimaster	0	5461.000000	-1035.500000	960.000000	30.625000	571732
1	1	             minirad	0	5401.000000	-1029.600000	960.000000	175.998775	1313054
1	1	             minirad	0	5401.000000	-1029.600000	960.000000	318.619671	1564142
1	1	          Polimaster	0	5461.000000	-1035.500000	960.000000	111.355406	2202141
1	1	                 ste	0	5557.000000	-1006.000000	961.000000	30.973000	2243507
1	1	                 ste	0	5557.000000	-1006.000000	961.000000	356.013000	2399295
1	1	             minirad	0	5401.000000	-1029.600000	960.000000	123.455551	4270632
1	1	          Polimaster	0	5461.000000	-1035.500000	960.000000	294.010465	5324680
1	1	             minirad	0	5401.000000	-1029.600000	960.000000	30.973000	5459971
1	1	                 ste	0	5557.000000	-1006.000000	961.000000	68.611452	5471072
1	1	          Polimaster	0	5461.000000	-1035.500000	960.000000	34.920000	582400
1	1	          Polimaster	0	5461.000000	-1035.500000	960.000000	30.625000	1044374
1	1	                 ste	0	5557.000000	-1006.000000	961.000000	34.920000	1314817
1	1	          Polimaster	0	5461.000000	-1035.500000	960.000000	97.790249	3676623
1	1	          Polimaster	0	5461.000000	-1035.500000	960.000000	80.997100	4238673
1	1	          Polimaster	0	5461.000000	-1035.500000	960.000000	145.118266	4666187
1	1	                 ste	0	5557.000000	-1006.000000	961.000000	30.625000	75487
1	1	                 ste	0	5557.000000	-1006.000000	961.000000	30.625000	1048765
1	1	             minirad	0	5401.000000	-1029.600000	960.000000	30.846247	1243388
1	1	          Polimaster	0	5461.000000	-1035.500000	960.000000	276.400000	1491296
1	1	          Polimaster	0	5461.000000	-1035.500000	960.000000	356.013000	2412830
1	1	                 ste	0	5557.000000	-1006.000000	961.000000	169.182419	2488508
1	1	          Polimaster	0	5461.000000	-1035.500000	960.000000	6.362710	2504233
1	1	             minirad	0	5401.000000	-1029.600000	960.000000	157.054662	3128227
1	1	          Polimaster	0	5461.000000	-1035.500000	960.000000	30.973000	3383989
1	1	                 ste	0	5557.000000	-1006.000000	961.000000	80.997100	3951592
1	1	          Polimaster	0	5461.000000	-1035.500000	960.000000	30.625000	4788991
1	1	          Polimaster	0	5461.000000	-1035.500000	960.000000	356.013000	4840560
1	1	             minirad	0	5401.000000	-1029.600000	960.000000	70.804775	5129196
1	1	          Polimaster	0	5461.000000	-1035.500000	960.000000	80.997100	5220872
1	1	             minirad	0	5401.000000	-1029.600000	960.000000	113.230809	5431829
1	1	          Polimaster	0	5461.000000	-1035.500000	960.000000	72.997337	5576589
1	1	                 ste	0	5557.000000	-1006.000000	961.000000	30.625000	367384
1	1	          Polimaster	0	5461.000000	-1035.500000	960.000000	48.062557	760326
1	1	          Polimaster	0	5461.000000	-1035.500000	960.000000	107.856345	1134559
1	1	             minirad	0	5401.000000	-1029.600000	960.000000	119.447200	1424344
1	1	             minirad	0	5401.000000	-1029.600000	960.000000	98.287529	1733115
1	1	                 ste	0	5557.000000	-1006.000000	961.000000	159.832554	1779066
1	1	                 ste	0	5557.000000	-1006.000000	961.000000	356.013000	1913422
1	1	             minirad	0	5401.000000	-1029.600000	960.000000	34.987000	2130051
1	1	                 ste	0	5557.000000	-1006.000000	961.000000	30.973000	2606434
1	1	          Polimaster	0	5461.000000	-1035.500000	960.000000	30.973000	5298167
1	1	          Polimaster	0	5461.000000	-1035.500000	960.000000	63.169608	215580
1	1	                 ste	0	5557.000000	-1006.000000	961.000000	77.385154	511359
1	1	          Polimaster	0	5461.000000	-1035.500000	960.000000	53.162500	1012855
1	1	          Polimaster	0	5461.000000	-1035.500000	960.000000	150.975619	1130668
1	1	             minirad	0	5401.000000	-1029.600000	960.000000	272.848734	1485201
1	1	             minirad	0	5401.000000	-1029.600000	960.000000	115.492712	1638424
1	1	                 ste	0	5557.000000	-1006.000000	961.000000	136.038129	2034585
1	1	             minirad	0	5401.000000	-1029.600000	960.000000	101.945868	3023301
1	1	          Polimaster	0	5461.000000	-1035.500000	960.000000	80.997100	3275150
1	1	             minirad	0	5401.000000	-1029.600000	960.000000	80.997100	3613370
1	1	                 ste	0	5557.000000	-1006.000000	961.000000	34.920000	4453890
1	1	             minirad	0	5401.000000	-1029.600000	960.000000	260.210361	4831891
1	1	                 ste	0	5557.000000	-1006.000000	961.000000	40.948861	5544143
1	1	          Polimaster	0	5461.000000	-1035.500000	960.000000	192.033105	152994
1	1	                 ste	0	5557.000000	-1006.000000	961.000000	30.625000	368055
1	1	                 ste	0	5557.000000	-1006.000000	961.000000	85.978464	511376
1	1	             minirad	0	5401.000000	-1029.600000	960.000000	80.997100	949036
1	1	          Polimaster	0	5461.000000	-1035.500000	960.000000	80.997100	1438885
1	1	             minirad	0	5401.000000	-1029.600000	960.000000	30.973000	1771906
1	1	          Polimaster	0	5461.000000	-1035.500000	960.000000	230.050919	1812637
1	1	          Polimaster	0	5461.000000	-1035.500000	960.000000	64.380190	4057704
1	1	                 ste	0	5557.000000	-1006.000000	961.000000	316.994113	5336798
1	1	          Polimaster	0	5461.000000	-1035.500000	960.000000	34.920000	89546
1	1	          Polimaster	0	5461.000000	-1035.500000	960.000000	80.997100	1355231
1	1	                 ste	0	5557.000000	-1006.000000	961.000000	30.625000	1407633
1	1	             minirad	0	5401.000000	-1029.600000	960.000000	82.918729	1957239
1	1	          Polimaster	0	5461.000000	-1035.500000	960.000000	118.555635	2105188
1	1	             minirad	0	5401.000000	-1029.600000	960.000000	74.391343	2333259
1	1	                 ste	0	5557.000000	-1006.000000	961.000000	35.818000	3117775
1	1	                 ste	0	5557.000000	-1006.000000	961.000000	302.851000	3258032
1	1	                 ste	0	5557.000000	-1006.000000	961.000000	30.784382	3391489
1	1	                 ste	0	5557.000000	-1006.000000	961.000000	80.997100	3459165
1	1	                 ste	0	5557.000000	-1006.000000	961.000000	130.192740	824539
1	1	                 ste	0	5557.000000	-1006.000000	961.000000	80.997100	2154581
1	1	             minirad	0	5401.000000	-1029.600000	960.000000	159.001270	2280446
1	1	          Polimaster	0	5461.000000	-1035.500000	960.000000	30.973000	2367248
1	1	          Polimaster	0	5461.000000	-1035.500000	960.000000	131.688818	2498191
1	1	             minirad	0	5401.000000	-1029.600000	960.000000	94.968118	2809525
1	1	          Polimaster	0	5461.000000	-1035.500000	960.000000	12.124279	3104530
1	1	          Polimaster	0	5461.000000	-1035.500000	960.000000	167.070178	3261390
1	1	          Polimaster	0	5461.000000	-1035.500000	960.000000	302.851000	3661759
1	1	             minirad	0	5401.000000	-1029.600000	960.000000	120.732595	3669891
1	1	          Polimaster	0	5461.000000	-1035.500000	960.000000	80.997100	3878175
1	1	             minirad	0	5401.000000	-1029.600000	960.000000	189.186749	4251281
1	1	          Polimaster	0	5461.000000	-1035.500000	960.000000	56.475154	5035411
1	1	                 ste	0	5557.000000	-1006.000000	961.000000	106.649332	5066064
1	1	          Polimaster	0	5461.000000	-1035.500000	960.000000	124.336649	899413
1	1	          Polimaster	0	5461.000000	-1035.500000	960.000000	80.997100	1088254
1	1	          Polimaster	0	5461.000000	-1035.500000	960.000000	276.400000	1194437
1	1	                 ste	0	5557.000000	-1006.000000	961.000000	34.987000	1531358
1	1	          Polimaster	0	5461.000000	-1035.500000	960.000000	216.063186	2238202
1	1	          Polimaster	0	5461.000000	-1035.500000	960.000000	197.553320	2314044
1	1	          Polimaster	0	5461.000000	-1035.500000	960.000000	51.924008	2620198
1	1	          Polimaster	0	5461.000000	-1035.500000	960.000000	117.463001	2641322
1	1	                 ste	0	5557.000000	-1006.000000	961.000000	30.625000	2669091
1	1	          Polimaster	0	5461.000000	-1035.500000	960.000000	177.342591	3045619
1	1	          Polimaster	0	5461.000000	-1035.500000	960.000000	279.486444	4430238
1	1	                 ste	0	5557.000000	-1006.000000	961.000000	54.896486	4600858
1	1	          Polimaster	0	5461.000000	-1035.500000	960.000000	302.851000	4858553
1	1	          Polimaster	0	5461.000000	-1035.500000	960.000000	80.997100	5362327
1	1	                 ste	0	5557.000000	-1006.000000	961.000000	30.973000	159447
1	1	          Polimaster	0	5461.000000	-1035.500000	960.000000	325.782514	369775
1	1	                 ste	0	5557.000000	-1006.000000	961.000000	356.013000	820917
1	1	             minirad	0	5401.000000	-1029.600000	960.000000	218.077416	1121620
1	1	             minirad	0	5401.000000	-1029.600000	960.000000	30.625000	1458809
1	1	                 ste	0	5557.000000	-1006.000000	961.000000	383.848000	1600176
1	1	          Polimaster	0	5461.000000	-1035.500000	960.000000	199.183338	2422388
1	1	          Polimaster	0	5461.000000	-1035.500000	960.000000	78.249623	2507901
1	1	                 ste	0	5557.000000	-1006.000000	961.000000	383.848000	3165203
1	1	             minirad	0	5401.000000	-1029.600000	960.000000	95.288783	3349912
1	1	          Polimaster	0	5461.000000	-1035.500000	960.000000	45.857427	3414923
1	1	                 ste	0	5557.000000	-1006.000000	961.000000	30.973000	3788423
1	1	                 ste	0	5557.000000	-1006.000000	961.000000	30.495396	4535694
1	1	          Polimaster	0	5461.000000	-1035.500000	960.000000	119.261571	4623988
1	1	          Polimaster	0	5461.000000	-1035.500000	960.000000	110.733414	350925
1	1	                 ste	0	5557.000000	-1006.000000	961.000000	147.319702	1594292
1	1	          Polimaster	0	5461.000000	-1035.500000	960.000000	187.931452	2634056
1	1	                 ste	0	5557.000000	-1006.000000	961.000000	194.486245	3032121
1	1	          Polimaster	0	5461.000000	-1035.500000	960.000000	30.973000	3642300
1	1	                 ste	0	5557.000000	-1006.000000	961.000000	95.502013	3931875
1	1	                 ste	0	5557.000000	-1006.000000	961.000000	89.517784	4608374
1	1	             minirad	0	5401.000000	-1029.600000	960.000000	166.924813	859358
1	1	             minirad	0	5401.000000	-1029.600000	960.000000	206.318781	1164043
1	1	                 ste	0	5557.000000	-1006.000000	961.000000	80.997100	1629721
1	1	                 ste	0	5557.000000	-1006.000000	961.000000	12.720913	2482094
1	1	          Polimaster	0	5461.000000	-1035.500000	960.000000	161.442759	4925439
1	1	             minirad	0	5401.000000	-1029.600000	960.000000	289.998826	131009
1	1	                 ste	0	5557.000000	-1006.000000	961.000000	125.189007	1415583
1	1	          Polimaster	0	5461.000000	-1035.500000	960.000000	30.625000	1614366
1	1	          Polimaster	0	5461.000000	-1035.500000	960.000000	30.625000	1760895
1	1	                 ste	0	5557.000000	-1006.000000	961.000000	30.625000	2055538
1	1	                 ste	0	5557.000000	-1006.000000	961.000000	80.997100	2239250
1	1	          Polimaster	0	5461.000000	-1035.500000	960.000000	62.744993	2355121
1	1	                 ste	0	5557.000000	-1006.000000	961.000000	113.060604	3235857
1	1	             minirad	0	5401.000000	-1029.600000	960.000000	39.419115	3343019
1	1	          Polimaster	0	5461.000000	-1035.500000	960.000000	127.834510	3807202
1	1	                 ste	0	5557.000000	-1006.000000	961.000000	80.997100	3868276
1	1	                 ste	0	5557.000000	-1006.000000	961.000000	165.453822	4068997
1	1	                 ste	0	5557.000000	-1006.000000	961.000000	356.013000	4363413
1	1	          Polimaster	0	5461.000000	-1035.500000	960.000000	153.939312	4734455
1	1	          Polimaster	0	5461.000000	-1035.500000	960.000000	302.851000	5242175
1	1	             minirad	0	5401.000000	-1029.600000	960.000000	45.006987	578143
1	1	             minirad	0	5401.000000	-1029.600000	960.000000	120.874708	1797960
1	1	             minirad	0	5401.000000	-1029.600000	960.000000	208.850871	2050148
1	1	             minirad	0	5401.000000	-1029.600000	960.000000	97.607462	2917465
1	1	             minirad	0	5401.000000	-1029.600000	960.000000	73.372018	3948727
1	1	                 ste	0	5557.000000	-1006.000000	961.000000	80.997100	4422686
1	1	                 ste	0	5557.000000	-1006.000000	961.000000	202.985209	4424393
1	1	          Polimaster	0	5461.000000	-1035.500000	960.000000	35.818000	4711815
1	1	          Polimaster	0	5461.000000	-1035.500000	960.000000	7.016950	5483266
1	1	                 ste	0	5557.000000	-1006.000000	961.000000	164.911477	504237
1	1	          Polimaster	0	5461.000000	-1035.500000	960.000000	30.625000	3367243
1	1	          Polimaster	0	5461.000000	-1035.500000	960.000000	276.400000	1046864
1	1	          Polimaster	0	5461.000000	-1035.500000	960.000000	146.832860	1365125
1	1	             minirad	0	5401.000000	-1029.600000	960.000000	260.515809	1451341
1	1	          Polimaster	0	5461.000000	-1035.500000	960.000000	209.072423	1987015
1	1	             minirad	0	5401.000000	-1029.600000	960.000000	34.987000	2292128
1	1	             minirad	0	5401.000000	-1029.600000	960.000000	29.853500	2571531
1	1	                 ste	0	5557.000000	-1006.000000	961.000000	114.322982	4065782
1	1	             minirad	0	5401.000000	-1029.600000	960.000000	80.997100	4438589
1	1	          Polimaster	0	5461.000000	-1035.500000	960.000000	80.997100	108988
1	1	          Polimaster	0	5461.000000	-1035.500000	960.000000	115.850373	323586
1	1	             minirad	0	5401.000000	-1029.600000	960.000000	80.997100	653254
1	1	          Polimaster	0	5461.000000	-1035.500000	960.000000	62.134574	964564
1	1	                 ste	0	5557.000000	-1006.000000	961.000000	35.818000	1091973
1	1	          Polimaster	0	5461.000000	-1035.500000	960.000000	47.018623	1829622
1	1	          Polimaster	0	5461.000000	-1035.500000	960.000000	30.973000	4966105
1	1	                 ste	0	5557.000000	-1006.000000	961.000000	30.973000	5349101
1	1	                 ste	0	5557.000000	-1006.000000	961.000000	315.915325	5381402
1	1	             minirad	0	5401.000000	-1029.600000	960.000000	2.692800	1695624
1	1	                 ste	0	5557.000000	-1006.000000	961.000000	80.997100	2168538
1	1	             minirad	0	5401.000000	-1029.600000	960.000000	30.936876	3946858
1	1	                 ste	0	5557.000000	-1006.000000	961.000000	127.117251	4022033
1	1	          Polimaster	0	5461.000000	-1035.500000	960.000000	30.973000	4302094
1	1	             minirad	0	5401.000000	-1029.600000	960.000000	302.851000	4318409
1	1	                 ste	0	5557.000000	-1006.000000	961.000000	80.997100	4579628
1	1	          Polimaster	0	5461.000000	-1035.500000	960.000000	26.278692	5222458
1	1	             minirad	0	5401.000000	-1029.600000	960.000000	119.474652	5325270
1	1	                 ste	0	5557.000000	-1006.000000	961.000000	66.328404	1690345
1	1	          Polimaster	0	5461.000000	-1035.500000	960.000000	112.899224	2223173
1	1	                 ste	0	5557.000000	-1006.000000	961.000000	124.814590	2351403
1	1	          Polimaster	0	5461.000000	-1035.500000	960.000000	30.696492	3452441
1	1	                 ste	0	5557.000000	-1006.000000	961.000000	34.920000	4711358
1	1	          Polimaster	0	5461.000000	-1035.500000	960.000000	68.223570	4890744
1	1	                 ste	0	5557.000000	-1006.000000	961.000000	30.543148	5098944
1	1	          Polimaster	0	5461.000000	-1035.500000	960.000000	356.013000	5234071
1	1	                 ste	0	5557.000000	-1006.000000	961.000000	80.997100	5303254
1	1	                 ste	0	5557.000000	-1006.000000	961.000000	100.719858	5309081
1	1	             minirad	0	5401.000000	-1029.600000	960.000000	108.535569	5424752
1	1	                 ste	0	5557.000000	-1006.000000	961.000000	34.987000	756370
1	1	                 ste	0	5557.000000	-1006.000000	961.000000	30.973000	1372383
1	1	             minirad	0	5401.000000	-1029.600000	960.000000	30.826129	2229607
1	1	          Polimaster	0	5461.000000	-1035.500000	960.000000	87.235332	2259749
1	1	                 ste	0	5557.000000	-1006.000000	961.000000	33.814961	3191166
1	1	                 ste	0	5557.000000	-1006.000000	961.000000	30.973000	5599414
1	1	             minirad	0	5401.000000	-1029.600000	960.000000	30.973000	110054
1	1	          Polimaster	0	5461.000000	-1035.500000	960.000000	383.848000	267489
1	1	          Polimaster	0	5461.000000	-1035.500000	960.000000	30.973000	755689
1	1	          Polimaster	0	5461.000000	-1035.500000	960.000000	146.656025	915750
1	1	                 ste	0	5557.000000	-1006.000000	961.000000	1.386061	1094684
1	1	          Polimaster	0	5461.000000	-1035.500000	960.000000	30.625000	2905822
1	1	          Polimaster	0	5461.000000	-1035.500000	960.000000	62.420473	3107688
1	1	                 ste	0	5557.000000	-1006.000000	961.000000	30.625000	4124868
1	1	          Polimaster	0	5461.000000	-1035.500000	960.000000	5.117842	4579755
1	1	                 ste	0	5557.000000	-1006.000000	961.000000	204.610875	4696691
1	1	          Polimaster	0	5461.000000	-1035.500000	960.000000	145.755116	271630
1	1	          Polimaster	0	5461.000000	-1035.500000	960.000000	30.973000	325096
1	1	          Polimaster	0	5461.000000	-1035.500000	960.000000	110.161538	675711
1	1	          Polimaster	0	5461.000000	-1035.500000	960.000000	30.973000	1559544
1	1	             minirad	0	5401.000000	-1029.600000	960.000000	152.101927	1794725
1	1	                 ste	0	5557.000000	-1006.000000	961.000000	80.997100	2032943
1	1	                 ste	0	5557.000000	-1006.000000	961.000000	30.625000	2604204
1	1	                 ste	0	5557.000000	-1006.000000	961.000000	253.901289	2618444
1	1	                 ste	0	5557.000000	-1006.000000	961.000000	30.973000	2758631
1	1	             minirad	0	5401.000000	-1029.600000	960.000000	80.997100	3065491
1	1	          Polimaster	0	5461.000000	-1035.500000	960.000000	64.516353	3488036
1	1	             minirad	0	5401.000000	-1029.600000	960.000000	80.997100	4302763
1	1	                 ste	0	5557.000000	-1006.000000	961.000000	30.625000	4698941
1	1	                 ste	0	5557.000000	-1006.000000	961.000000	157.974667	4731214
1	1	             minirad	0	5401.000000	-1029.600000	960.000000	121.593007	4875157
1	1	             minirad	0	5401.000000	-1029.600000	960.000000	30.973000	106781
1	1	          Polimaster	0	5461.000000	-1035.500000	960.000000	7.939931	778888
1	1	                 ste	0	5557.000000	-1006.000000	961.000000	30.625000	1411214
1	1	          Polimaster	0	5461.000000	-1035.500000	960.000000	156.692393	1673786
1	1	                 ste	0	5557.000000	-1006.000000	961.000000	80.997100	1847921
1	1	                 ste	0	5557.000000	-1006.000000	961.000000	107.992260	2059048
1	1	                 ste	0	5557.000000	-1006.000000	961.000000	196.930492	2649467
1	1	          Polimaster	0	5461.000000	-1035.500000	960.000000	199.846795	2711498
1	1	                 ste	0	5557.000000	-1006.000000	961.000000	101.307559	3556939
1	1	             minirad	0	5401.000000	-1029.600000	960.000000	30.176172	4021528
1	1	                 ste	0	5557.000000	-1006.000000	961.000000	57.151505	4349140
1	1	                 ste	0	5557.000000	-1006.000000	961.000000	30.973000	4939149
1	1	             minirad	0	5401.000000	-1029.600000	960.000000	77.332073	5045978
1	1	          Polimaster	0	5461.000000	-1035.500000	960.000000	153.381619	535927
1	1	          Polimaster	0	5461.000000	-1035.500000	960.000000	82.892062	1101380
1	1	          Polimaster	0	5461.000000	-1035.500000	960.000000	260.479335	1329130
1	1	                 ste	0	5557.000000	-1006.000000	961.000000	188.083008	1534498
1	1	          Polimaster	0	5461.000000	-1035.500000	960.000000	170.600191	1818031
1	1	                 ste	0	5557.000000	-1006.000000	961.000000	114.983290	1826803
1	1	             minirad	0	5401.000000	-1029.600000	960.000000	80.997100	2922385
1	1	                 ste	0	5557.000000	-1006.000000	961.000000	275.621880	3109218
1	1	          Polimaster	0	5461.000000	-1035.500000	960.000000	104.874467	3902283
1	1	          Polimaster	0	5461.000000	-1035.500000	960.000000	80.883558	167639
1	1	          Polimaster	0	5461.000000	-1035.500000	960.000000	90.920396	517370
1	1	                 ste	0	5557.000000	-1006.000000	961.000000	79.613900	1553613
1	1	             minirad	0	5401.000000	-1029.600000	960.000000	356.013000	3624531
1	1	             minirad	0	5401.000000	-1029.600000	960.000000	88.557071	4037072
1	1	             minirad	0	5401.000000	-1029.600000	960.000000	80.997100	4057132
1	1	             minirad	0	5401.000000	-1029.600000	960.000000	7.511500	4142367
1	1	          Polimaster	0	5461.000000	-1035.500000	960.000000	66.988705	4709974
1	1	          Polimaster	0	5461.000000	-1035.500000	960.000000	16.253672	4906714
1	1	             minirad	0	5401.000000	-1029.600000	960.000000	80.997100	5365113
1	1	                 ste	0	5557.000000	-1006.000000	961.000000	156.964958	5642361
1	1	             minirad	0	5401.000000	-1029.600000	960.000000	231.040403	2123081
1	1	             minirad	0	5401.000000	-1029.600000	960.000000	107.764446	2950326
1	1	                 ste	0	5557.000000	-1006.000000	961.000000	336.630702	3432937
1	1	          Polimaster	0	5461.000000	-1035.500000	960.000000	223.266821	3495877
1	1	                 ste	0	5557.000000	-1006.000000	961.000000	30.973000	4057014
1	1	                 ste	0	5557.000000	-1006.000000	961.000000	62.221433	4618719
1	1	          Polimaster	0	5461.000000	-1035.500000	960.000000	163.552975	4757526
1	1	             minirad	0	5401.000000	-1029.600000	960.000000	58.651286	4855415
1	1	             minirad	0	5401.000000	-1029.600000	960.000000	74.778722	5120085
1	1	                 ste	0	5557.000000	-1006.000000	961.000000	84.055237	5278518
1	1	                 ste	0	5557.000000	-1006.000000	961.000000	80.997100	95346
1	1	          Polimaster	0	5461.000000	-1035.500000	960.000000	80.997100	1350668
1	1	                 ste	0	5557.000000	-1006.000000	961.000000	30.973000	1417200
1	1	          Polimaster	0	5461.000000	-1035.500000	960.000000	79.613900	1567725
1	1	             minirad	0	5401.000000	-1029.600000	960.000000	34.987000	1616050
1	1	          Polimaster	0	5461.000000	-1035.500000	960.000000	61.689761	1638744
1	1	             minirad	0	5401.000000	-1029.600000	960.000000	137.006142	1775140
1	1	          Polimaster	0	5461.000000	-1035.500000	960.000000	356.013000	1782611
1	1	          Polimaster	0	5461.000000	-1035.500000	960.000000	170.972772	2132490
1	1	             minirad	0	5401.000000	-1029.600000	960.000000	97.141710	2795909
1	1	          Polimaster	0	5461.000000	-1035.500000	960.000000	181.421105	3820180
1	1	          Polimaster	0	5461.000000	-1035.500000	960.000000	66.436834	4135468
1	1	          Polimaster	0	5461.000000	-1035.500000	960.000000	141.922441	4556532
1	1	          Polimaster	0	5461.000000	-1035.500000	960.000000	80.997100	5328097
1	1	             minirad	0	5401.000000	-1029.600000	960.000000	30.444814	749146
1	1	             minirad	0	5401.000000	-1029.600000	960.000000	30.588729	783941
1	1	                 ste	0	5557.000000	-1006.000000	961.000000	302.851000	874223
1	1	                 ste	0	5557.000000	-1006.000000	961.000000	79.613900	1063529
1	1	                 ste	0	5557.000000	-1006.000000	961.000000	157.297878	3138793
1	1	                 ste	0	5557.000000	-1006.000000	961.000000	80.997100	3458448
1	1	                 ste	0	5557.000000	-1006.000000	961.000000	30.973000	3835917
1	1	                 ste	0	5557.000000	-1006.000000	961.000000	14.160859	4073616
1	1	          Polimaster	0	5461.000000	-1035.500000	960.000000	98.693688	5209910
1	1	             minirad	0	5401.000000	-1029.600000	960.000000	30.625000	92105
1	1	          Polimaster	0	5461.000000	-1035.500000	960.000000	80.997100	464417
1	1	          Polimaster	0	5461.000000	-1035.500000	960.000000	289.178095	1565686
1	1	          Polimaster	0	5461.000000	-1035.500000	960.000000	176.678216	1737446
1	1	                 ste	0	5557.000000	-1006.000000	961.000000	30.324300	2107160
1	1	             minirad	0	5401.000000	-1029.600000	960.000000	101.560008	4017270
1	1	             minirad	0	5401.000000	-1029.600000	960.000000	80.997100	4045020
1	1	             minirad	0	5401.000000	-1029.600000	960.000000	356.013000	4190610
1	1	                 ste	0	5557.000000	-1006.000000	961.000000	84.438315	4469381
1	1	          Polimaster	0	5461.000000	-1035.500000	960.000000	135.337485	5292619
1	1	             minirad	0	5401.000000	-1029.600000	960.000000	35.818000	5376932
1	1	                 ste	0	5557.000000	-1006.000000	961.000000	80.997100	302646
1	1	             minirad	0	5401.000000	-1029.600000	960.000000	80.997100	752823
1	1	          Polimaster	0	5461.000000	-1035.500000	960.000000	30.973000	875474
1	1	          Polimaster	0	5461.000000	-1035.500000	960.000000	181.579191	1242045
1	1	             minirad	0	5401.000000	-1029.600000	960.000000	55.835864	1930094
1	1	             minirad	0	5401.000000	-1029.600000	960.000000	80.997100	2420224
1	1	                 ste	0	5557.000000	-1006.000000	961.000000	173.499685	5057584
1	1	                 ste	0	5557.000000	-1006.000000	961.000000	66.857531	5433592
1	1	             minirad	0	5401.000000	-1029.600000	960.000000	71.887093	5656572
1	1	                 ste	0	5557.000000	-1006.000000	961.000000	336.762939	375624
1	1	                 ste	0	5557.000000	-1006.000000	961.000000	78.700643	404242
1	1	          Polimaster	0	5461.000000	-1035.500000	960.000000	30.625000	525788
1	1	          Polimaster	0	5461.000000	-1035.500000	960.000000	356.013000	1743151
1	1	                 ste	0	5557.000000	-1006.000000	961.000000	30.973000	1905256
1	1	          Polimaster	0	5461.000000	-1035.500000	960.000000	302.851000	2395445
1	1	             minirad	0	5401.000000	-1029.600000	960.000000	30.625000	2678412
1	1	                 ste	0	5557.000000	-1006.000000	961.000000	356.013000	2771614
1	1	          Polimaster	0	5461.000000	-1035.500000	960.000000	71.842630	3021142
1	1	             minirad	0	5401.000000	-1029.600000	960.000000	120.144305	3679485
1	1	             minirad	0	5401.000000	-1029.600000	960.000000	30.973000	4010475
1	1	          Polimaster	0	5461.000000	-1035.500000	960.000000	80.997100	4092921
1	1	                 ste	0	5557.000000	-1006.000000	961.000000	29.410989	4909235
1	1	          Polimaster	0	5461.000000	-1035.500000	960.000000	52.387600	505352
1	1	          Polimaster	0	5461.000000	-1035.500000	960.000000	147.734944	528891
1	1	          Polimaster	0	5461.000000	-1035.500000	960.000000	53.162500	750145
1	1	          Polimaster	0	5461.000000	-1035.500000	960.000000	80.997100	853563
1	1	                 ste	0	5557.000000	-1006.000000	961.000000	178.118266	899162
1	1	                 ste	0	5557.000000	-1006.000000	961.000000	30.973000	1079265
1	1	          Polimaster	0	5461.000000	-1035.500000	960.000000	77.652869	1340973
1	1	          Polimaster	0	5461.000000	-1035.500000	960.000000	134.551514	1601527
1	1	             minirad	0	5401.000000	-1029.600000	960.000000	80.997100	1617301
1	1	                 ste	0	5557.000000	-1006.000000	961.000000	131.850316	2110192
1	1	             minirad	0	5401.000000	-1029.600000	960.000000	30.625000	2227736
1	1	             minirad	0	5401.000000	-1029.600000	960.000000	30.973000	2273686
1	1	             minirad	0	5401.000000	-1029.600000	960.000000	124.892991	2369473
1	1	             minirad	0	5401.000000	-1029.600000	960.000000	176.978752	3880598
1	1	          Polimaster	0	5461.000000	-1035.500000	960.000000	87.194479	4972730
1	1	             minirad	0	5401.000000	-1029.600000	960.000000	356.013000	5389651
1	1	          Polimaster	0	5461.000000	-1035.500000	960.000000	238.615652	218834
1	1	                 ste	0	5557.000000	-1006.000000	961.000000	143.302449	358532
1	1	                 ste	0	5557.000000	-1006.000000	961.000000	27.330005	1859043
1	1	                 ste	0	5557.000000	-1006.000000	961.000000	276.400000	2458053
1	1	          Polimaster	0	5461.000000	-1035.500000	960.000000	86.447602	2698567
1	1	                 ste	0	5557.000000	-1006.000000	961.000000	61.903292	2722488
1	1	          Polimaster	0	5461.000000	-1035.500000	960.000000	111.946142	3911036
1	1	             minirad	0	5401.000000	-1029.600000	960.000000	68.008330	4838214
1	1	          Polimaster	0	5461.000000	-1035.500000	960.000000	356.013000	388130
1	1	             minirad	0	5401.000000	-1029.600000	960.000000	51.298111	582504
1	1	                 ste	0	5557.000000	-1006.000000	961.000000	30.625000	1050619
1	1	          Polimaster	0	5461.000000	-1035.500000	960.000000	80.997100	1071571
1	1	             minirad	0	5401.000000	-1029.600000	960.000000	356.013000	1322427
1	1	             minirad	0	5401.000000	-1029.600000	960.000000	200.535873	1451102
1	1	                 ste	0	5557.000000	-1006.000000	961.000000	356.013000	1716678
1	1	          Polimaster	0	5461.000000	-1035.500000	960.000000	356.013000	1856550
1	1	          Polimaster	0	5461.000000	-1035.500000	960.000000	302.851000	3301628
1	1	          Polimaster	0	5461.000000	-1035.500000	960.000000	179.823871	3427172
1	1	          Polimaster	0	5461.000000	-1035.500000	960.000000	196.162081	3956267
1	1	          Polimaster	0	5461.000000	-1035.500000	960.000000	30.973000	4179091
1	1	                 ste	0	5557.000000	-1006.000000	961.000000	146.574806	4513963
1	1	                 ste	0	5557.000000	-1006.000000	961.000000	34.920000	4549218
1	1	          Polimaster	0	5461.000000	-1035.500000	960.000000	80.997100	4724487
1	1	             minirad	0	5401.000000	-1029.600000	960.000000	60.867625	4751366
1	1	          Polimaster	0	5461.000000	-1035.500000	960.000000	30.625000	5346099
1	1	          Polimaster	0	5461.000000	-1035.500000	960.000000	92.050534	5443410
1	1	                 ste	0	5557.000000	-1006.000000	961.000000	146.877962	5600318
1	1	             minirad	0	5401.000000	-1029.600000	960.000000	68.426039	339481
1	1	                 ste	0	5557.000000	-1006.000000	961.000000	167.489010	501179
1	1	             minirad	0	5401.000000	-1029.600000	960.000000	124.870074	751006
1	1	             minirad	0	5401.000000	-1029.600000	960.000000	152.239924	2307400
1	1	                 ste	0	5557.000000	-1006.000000	961.000000	356.013000	3053253
1	1	             minirad	0	5401.000000	-1029.600000	960.000000	72.590263	3284835
2	1	          Polimaster	0	5461.000000	-1035.500000	960.000000	114.735877	1	                 ste	0	5557.000000	-1006.000000	961.000000	11.288645	3733758
1	1	                 ste	0	5557.000000	-1006.000000	961.000000	169.128970	4600840
1	1	                 ste	0	5557.000000	-1006.000000	961.000000	80.997100	183819
1	1	                 ste	0	5557.000000	-1006.000000	961.000000	80.997100	350229
1	1	             minirad	0	5401.000000	-1029.600000	960.000000	80.997100	444135
1	1	                 ste	0	5557.000000	-1006.000000	961.000000	80.997100	677239
1	1	          Polimaster	0	5461.000000	-1035.500000	960.000000	80.997100	747496
1	1	                 ste	0	5557.000000	-1006.000000	961.000000	110.971592	810978
1	1	                 ste	0	5557.000000	-1006.000000	961.000000	80.997100	1433727
1	1	             minirad	0	5401.000000	-1029.600000	960.000000	30.548029	1632995
1	1	          Polimaster	0	5461.000000	-1035.500000	960.000000	146.899916	1995435
1	1	          Polimaster	0	5461.000000	-1035.500000	960.000000	139.228596	2772488
1	1	                 ste	0	5557.000000	-1006.000000	961.000000	356.013000	2880609
1	1	          Polimaster	0	5461.000000	-1035.500000	960.000000	225.789698	3143519
1	1	          Polimaster	0	5461.000000	-1035.500000	960.000000	154.328384	3197768
1	1	             minirad	0	5401.000000	-1029.600000	960.000000	171.121903	3656046
1	1	             minirad	0	5401.000000	-1029.600000	960.000000	141.635033	4253859
1	1	             minirad	0	5401.000000	-1029.600000	960.000000	356.013000	4688511
1	1	                 ste	0	5557.000000	-1006.000000	961.000000	383.848000	5416691
1	1	          Polimaster	0	5461.000000	-1035.500000	960.000000	30.973000	1094552
1	1	          Polimaster	0	5461.000000	-1035.500000	960.000000	80.997100	1623372
1	1	                 ste	0	5557.000000	-1006.000000	961.000000	160.611000	1983605
1	1	                 ste	0	5557.000000	-1006.000000	961.000000	193.852001	2787031
1	1	          Polimaster	0	5461.000000	-1035.500000	960.000000	30.485237	3197525
1	1	                 ste	0	5557.000000	-1006.000000	961.000000	80.997100	3298541
1	1	             minirad	0	5401.000000	-1029.600000	960.000000	104.806331	3350649
1	1	          Polimaster	0	5461.000000	-1035.500000	960.000000	34.701320	3387994
1	1	          Polimaster	0	5461.000000	-1035.500000	960.000000	88.562861	3462949
1	1	                 ste	0	5557.000000	-1006.000000	961.000000	123.663025	3577285
1	1	          Polimaster	0	5461.000000	-1035.500000	960.000000	80.997100	3884085
1	1	                 ste	0	5557.000000	-1006.000000	961.000000	33.269833	4042674
1	1	          Polimaster	0	5461.000000	-1035.500000	960.000000	152.561331	4481343
1	1	          Polimaster	0	5461.000000	-1035.500000	960.000000	107.256918	550993
1	1	                 ste	0	5557.000000	-1006.000000	961.000000	146.091940	933378
1	1	                 ste	0	5557.000000	-1006.000000	961.000000	356.013000	1521073
1	1	          Polimaster	0	5461.000000	-1035.500000	960.000000	50.145602	2731587
1	1	          Polimaster	0	5461.000000	-1035.500000	960.000000	53.162500	3141921
1	1	                 ste	0	5557.000000	-1006.000000	961.000000	64.715044	3484170
1	1	          Polimaster	0	5461.000000	-1035.500000	960.000000	80.997100	3697559
1	1	          Polimaster	0	5461.000000	-1035.500000	960.000000	80.997100	3927027
1	1	                 ste	0	5557.000000	-1006.000000	961.000000	139.761557	4218607
1	1	                 ste	0	5557.000000	-1006.000000	961.000000	30.973000	4221030
1	1	             minirad	0	5401.000000	-1029.600000	960.000000	276.400000	4724316
1	1	                 ste	0	5557.000000	-1006.000000	961.000000	179.851825	5039560
1	1	                 ste	0	5557.000000	-1006.000000	961.000000	34.987000	5362780
1	1	          Polimaster	0	5461.000000	-1035.500000	960.000000	302.851000	289885
1	1	             minirad	0	5401.000000	-1029.600000	960.000000	105.106095	761241
1	1	                 ste	0	5557.000000	-1006.000000	961.000000	150.893257	1208104
1	1	             minirad	0	5401.000000	-1029.600000	960.000000	160.546861	1743380
1	1	          Polimaster	0	5461.000000	-1035.500000	960.000000	138.266587	2389410
1	1	          Polimaster	0	5461.000000	-1035.500000	960.000000	141.536559	2831070
1	1	          Polimaster	0	5461.000000	-1035.500000	960.000000	356.013000	3811101
1	1	          Polimaster	0	5461.000000	-1035.500000	960.000000	302.851000	4167183
1	1	                 ste	0	5557.000000	-1006.000000	961.000000	80.997100	4572561
1	1	          Polimaster	0	5461.000000	-1035.500000	960.000000	80.997100	4872972
1	1	             minirad	0	5401.000000	-1029.600000	960.000000	77.555733	4929021
1	1	          Polimaster	0	5461.000000	-1035.500000	960.000000	142.660207	5248296
1	1	                 ste	0	5557.000000	-1006.000000	961.000000	62.383746	5572433
