1	1	          Polimaster	0	5461.000000	-1035.500000	-170.000000	30.137340	122417
1	1	          Polimaster	0	5461.000000	-1035.500000	-170.000000	356.013000	2660968
1	1	             minirad	0	5401.000000	-1029.600000	-170.000000	273.026074	3005850
1	1	                 ste	0	5557.000000	-1006.000000	-169.000000	161.876647	4803910
1	1	             minirad	0	5401.000000	-1029.600000	-170.000000	64.785230	1741357
1	1	          Polimaster	0	5461.000000	-1035.500000	-170.000000	280.620386	1831652
1	1	             minirad	0	5401.000000	-1029.600000	-170.000000	356.013000	2955084
1	1	             minirad	0	5401.000000	-1029.600000	-170.000000	302.851000	3267726
1	1	          Polimaster	0	5461.000000	-1035.500000	-170.000000	61.788261	3853280
1	1	          Polimaster	0	5461.000000	-1035.500000	-170.000000	35.818000	178837
1	1	          Polimaster	0	5461.000000	-1035.500000	-170.000000	47.881691	531495
1	1	          Polimaster	0	5461.000000	-1035.500000	-170.000000	150.943542	905973
1	1	          Polimaster	0	5461.000000	-1035.500000	-170.000000	101.343203	1861694
1	1	          Polimaster	0	5461.000000	-1035.500000	-170.000000	80.997100	1869866
1	1	                 ste	0	5557.000000	-1006.000000	-169.000000	152.662229	3338845
1	1	             minirad	0	5401.000000	-1029.600000	-170.000000	356.013000	3455229
1	1	                 ste	0	5557.000000	-1006.000000	-169.000000	296.809807	5128777
1	1	          Polimaster	0	5461.000000	-1035.500000	-170.000000	120.547134	5234580
1	1	                 ste	0	5557.000000	-1006.000000	-169.000000	117.455264	5522120
1	1	          Polimaster	0	5461.000000	-1035.500000	-170.000000	30.973000	3185023
1	1	             minirad	0	5401.000000	-1029.600000	-170.000000	80.997100	3737758
1	1	             minirad	0	5401.000000	-1029.600000	-170.000000	41.710770	4329723
1	1	          Polimaster	0	5461.000000	-1035.500000	-170.000000	56.867841	2302563
1	1	          Polimaster	0	5461.000000	-1035.500000	-170.000000	19.606092	4010828
1	1	                 ste	0	5557.000000	-1006.000000	-169.000000	356.013000	4654771
1	1	                 ste	0	5557.000000	-1006.000000	-169.000000	30.973000	4700674
1	1	                 ste	0	5557.000000	-1006.000000	-169.000000	143.320734	4800269
1	1	          Polimaster	0	5461.000000	-1035.500000	-170.000000	45.183308	4831531
1	1	          Polimaster	0	5461.000000	-1035.500000	-170.000000	78.158475	4970106
1	1	                 ste	0	5557.000000	-1006.000000	-169.000000	67.898930	5193052
1	1	                 ste	0	5557.000000	-1006.000000	-169.000000	34.987000	5286505
1	1	                 ste	0	5557.000000	-1006.000000	-169.000000	80.997100	295525
1	1	                 ste	0	5557.000000	-1006.000000	-169.000000	356.013000	3768353
1	1	                 ste	0	5557.000000	-1006.000000	-169.000000	53.162500	3861165
1	1	          Polimaster	0	5461.000000	-1035.500000	-170.000000	162.891299	79164
1	1	          Polimaster	0	5461.000000	-1035.500000	-170.000000	30.625000	892681
1	1	          Polimaster	0	5461.000000	-1035.500000	-170.000000	107.832958	1428470
1	1	          Polimaster	0	5461.000000	-1035.500000	-170.000000	356.013000	2567763
1	1	                 ste	0	5557.000000	-1006.000000	-169.000000	34.253240	3623162
1	1	                 ste	0	5557.000000	-1006.000000	-169.000000	356.013000	4010578
1	1	          Polimaster	0	5461.000000	-1035.500000	-170.000000	356.013000	4701281
1	1	             minirad	0	5401.000000	-1029.600000	-170.000000	30.973000	4921246
1	1	                 ste	0	5557.000000	-1006.000000	-169.000000	30.635440	5119950
1	1	                 ste	0	5557.000000	-1006.000000	-169.000000	72.220271	269284
1	1	          Polimaster	0	5461.000000	-1035.500000	-170.000000	356.013000	2219232
1	1	                 ste	0	5557.000000	-1006.000000	-169.000000	10.878526	2261978
1	1	          Polimaster	0	5461.000000	-1035.500000	-170.000000	75.945692	3094785
1	1	             minirad	0	5401.000000	-1029.600000	-170.000000	157.427019	4382768
1	1	                 ste	0	5557.000000	-1006.000000	-169.000000	146.029305	5414369
1	1	             minirad	0	5401.000000	-1029.600000	-170.000000	68.472332	579806
1	1	          Polimaster	0	5461.000000	-1035.500000	-170.000000	80.997100	1203583
1	1	             minirad	0	5401.000000	-1029.600000	-170.000000	32.158836	1437555
1	1	          Polimaster	0	5461.000000	-1035.500000	-170.000000	356.013000	1943520
1	1	                 ste	0	5557.000000	-1006.000000	-169.000000	205.446748	2562409
1	1	                 ste	0	5557.000000	-1006.000000	-169.000000	130.751140	3365579
1	1	          Polimaster	0	5461.000000	-1035.500000	-170.000000	30.532334	3991483
1	1	                 ste	0	5557.000000	-1006.000000	-169.000000	327.403500	4583890
1	1	                 ste	0	5557.000000	-1006.000000	-169.000000	99.737720	4854067
1	1	                 ste	0	5557.000000	-1006.000000	-169.000000	80.997100	5101037
1	1	                 ste	0	5557.000000	-1006.000000	-169.000000	41.832249	5420231
1	1	          Polimaster	0	5461.000000	-1035.500000	-170.000000	28.978285	5463229
1	1	                 ste	0	5557.000000	-1006.000000	-169.000000	118.604802	737132
1	1	             minirad	0	5401.000000	-1029.600000	-170.000000	120.105606	1867140
1	1	                 ste	0	5557.000000	-1006.000000	-169.000000	147.140993	2102192
1	1	                 ste	0	5557.000000	-1006.000000	-169.000000	30.468018	2189572
1	1	                 ste	0	5557.000000	-1006.000000	-169.000000	298.268252	2456292
1	1	                 ste	0	5557.000000	-1006.000000	-169.000000	154.426410	3043685
1	1	             minirad	0	5401.000000	-1029.600000	-170.000000	30.973000	3146411
1	1	                 ste	0	5557.000000	-1006.000000	-169.000000	53.162500	3626361
1	1	             minirad	0	5401.000000	-1029.600000	-170.000000	356.013000	3661435
1	1	          Polimaster	0	5461.000000	-1035.500000	-170.000000	302.851000	3797353
1	1	                 ste	0	5557.000000	-1006.000000	-169.000000	37.196537	3797965
1	1	          Polimaster	0	5461.000000	-1035.500000	-170.000000	30.973000	5577418
1	1	          Polimaster	0	5461.000000	-1035.500000	-170.000000	12.702855	114238
1	1	                 ste	0	5557.000000	-1006.000000	-169.000000	30.625000	123881
1	1	          Polimaster	0	5461.000000	-1035.500000	-170.000000	80.997100	672648
1	1	                 ste	0	5557.000000	-1006.000000	-169.000000	77.482953	1423140
1	1	             minirad	0	5401.000000	-1029.600000	-170.000000	23.732540	1039220
1	1	             minirad	0	5401.000000	-1029.600000	-170.000000	132.030624	1487431
1	1	             minirad	0	5401.000000	-1029.600000	-170.000000	30.973000	1928175
1	1	             minirad	0	5401.000000	-1029.600000	-170.000000	356.013000	2095758
1	1	                 ste	0	5557.000000	-1006.000000	-169.000000	356.013000	2112166
1	1	          Polimaster	0	5461.000000	-1035.500000	-170.000000	30.625000	2233898
1	1	                 ste	0	5557.000000	-1006.000000	-169.000000	158.673750	2313728
1	1	          Polimaster	0	5461.000000	-1035.500000	-170.000000	80.997100	2707225
1	1	                 ste	0	5557.000000	-1006.000000	-169.000000	80.997100	2976451
1	1	             minirad	0	5401.000000	-1029.600000	-170.000000	204.063266	3166206
1	1	             minirad	0	5401.000000	-1029.600000	-170.000000	156.672377	4363786
1	1	          Polimaster	0	5461.000000	-1035.500000	-170.000000	253.868177	4511953
1	1	                 ste	0	5557.000000	-1006.000000	-169.000000	130.093816	4609005
1	1	             minirad	0	5401.000000	-1029.600000	-170.000000	99.524716	4626097
1	1	             minirad	0	5401.000000	-1029.600000	-170.000000	356.013000	5429320
1	1	                 ste	0	5557.000000	-1006.000000	-169.000000	80.997100	5546175
1	1	                 ste	0	5557.000000	-1006.000000	-169.000000	163.379217	1720523
1	1	          Polimaster	0	5461.000000	-1035.500000	-170.000000	178.502189	2129762
1	1	          Polimaster	0	5461.000000	-1035.500000	-170.000000	211.159643	2344923
1	1	          Polimaster	0	5461.000000	-1035.500000	-170.000000	34.920000	4160504
1	1	                 ste	0	5557.000000	-1006.000000	-169.000000	169.029034	4845274
1	1	                 ste	0	5557.000000	-1006.000000	-169.000000	64.240517	5188604
1	1	                 ste	0	5557.000000	-1006.000000	-169.000000	80.997100	28636
1	1	                 ste	0	5557.000000	-1006.000000	-169.000000	53.162500	2113986
1	1	                 ste	0	5557.000000	-1006.000000	-169.000000	148.773471	3070904
1	1	          Polimaster	0	5461.000000	-1035.500000	-170.000000	30.625000	3171388
1	1	             minirad	0	5401.000000	-1029.600000	-170.000000	220.524550	3483594
1	1	          Polimaster	0	5461.000000	-1035.500000	-170.000000	30.973000	4700543
1	1	                 ste	0	5557.000000	-1006.000000	-169.000000	50.018200	211138
1	1	          Polimaster	0	5461.000000	-1035.500000	-170.000000	80.997100	596026
1	1	             minirad	0	5401.000000	-1029.600000	-170.000000	125.654956	950460
1	1	          Polimaster	0	5461.000000	-1035.500000	-170.000000	184.815672	1140588
1	1	          Polimaster	0	5461.000000	-1035.500000	-170.000000	356.013000	1957086
1	1	                 ste	0	5557.000000	-1006.000000	-169.000000	79.928787	2603925
1	1	          Polimaster	0	5461.000000	-1035.500000	-170.000000	11.394256	2714419
1	1	                 ste	0	5557.000000	-1006.000000	-169.000000	80.997100	4668747
1	1	                 ste	0	5557.000000	-1006.000000	-169.000000	147.666397	5350342
1	1	             minirad	0	5401.000000	-1029.600000	-170.000000	166.205186	94412
1	1	                 ste	0	5557.000000	-1006.000000	-169.000000	63.982406	1030717
1	1	          Polimaster	0	5461.000000	-1035.500000	-170.000000	80.997100	1094590
1	1	             minirad	0	5401.000000	-1029.600000	-170.000000	183.150282	1332856
1	1	                 ste	0	5557.000000	-1006.000000	-169.000000	356.013000	3185706
1	1	          Polimaster	0	5461.000000	-1035.500000	-170.000000	30.973000	4048584
1	1	             minirad	0	5401.000000	-1029.600000	-170.000000	30.464295	5455040
1	1	          Polimaster	0	5461.000000	-1035.500000	-170.000000	75.631064	76496
1	1	          Polimaster	0	5461.000000	-1035.500000	-170.000000	106.343717	2538510
1	1	          Polimaster	0	5461.000000	-1035.500000	-170.000000	30.973000	3034047
1	1	                 ste	0	5557.000000	-1006.000000	-169.000000	30.625000	3208733
1	1	                 ste	0	5557.000000	-1006.000000	-169.000000	156.054010	3567662
1	1	                 ste	0	5557.000000	-1006.000000	-169.000000	175.359807	3633007
1	1	             minirad	0	5401.000000	-1029.600000	-170.000000	30.625000	3838688
1	1	          Polimaster	0	5461.000000	-1035.500000	-170.000000	312.012572	4440789
1	1	          Polimaster	0	5461.000000	-1035.500000	-170.000000	302.851000	5427347
1	1	          Polimaster	0	5461.000000	-1035.500000	-170.000000	80.997100	310715
1	1	                 ste	0	5557.000000	-1006.000000	-169.000000	80.997100	1494156
1	1	          Polimaster	0	5461.000000	-1035.500000	-170.000000	172.137737	1668314
1	1	             minirad	0	5401.000000	-1029.600000	-170.000000	160.555596	1828605
1	1	                 ste	0	5557.000000	-1006.000000	-169.000000	74.271464	2532612
1	1	             minirad	0	5401.000000	-1029.600000	-170.000000	248.375817	2896992
1	1	                 ste	0	5557.000000	-1006.000000	-169.000000	328.127685	3573718
1	1	                 ste	0	5557.000000	-1006.000000	-169.000000	109.910131	5605508
1	1	          Polimaster	0	5461.000000	-1035.500000	-170.000000	132.354240	5626177
1	1	          Polimaster	0	5461.000000	-1035.500000	-170.000000	168.547047	247242
1	1	                 ste	0	5557.000000	-1006.000000	-169.000000	327.403500	747088
1	1	             minirad	0	5401.000000	-1029.600000	-170.000000	335.662963	989105
1	1	                 ste	0	5557.000000	-1006.000000	-169.000000	34.920000	3029021
1	1	                 ste	0	5557.000000	-1006.000000	-169.000000	110.640970	3227352
1	1	                 ste	0	5557.000000	-1006.000000	-169.000000	67.624675	3500142
1	1	          Polimaster	0	5461.000000	-1035.500000	-170.000000	30.585216	3953492
1	1	                 ste	0	5557.000000	-1006.000000	-169.000000	30.625000	4029099
1	1	                 ste	0	5557.000000	-1006.000000	-169.000000	34.920000	5163576
1	1	                 ste	0	5557.000000	-1006.000000	-169.000000	80.997100	1023108
1	1	                 ste	0	5557.000000	-1006.000000	-169.000000	251.429974	1367384
1	1	                 ste	0	5557.000000	-1006.000000	-169.000000	171.698665	2003003
1	1	          Polimaster	0	5461.000000	-1035.500000	-170.000000	30.625000	2495326
1	1	                 ste	0	5557.000000	-1006.000000	-169.000000	80.997100	3386327
1	1	             minirad	0	5401.000000	-1029.600000	-170.000000	80.997100	3844647
1	1	                 ste	0	5557.000000	-1006.000000	-169.000000	30.973000	4836785
1	1	                 ste	0	5557.000000	-1006.000000	-169.000000	80.997100	4925128
1	1	                 ste	0	5557.000000	-1006.000000	-169.000000	134.777312	5538566
1	1	          Polimaster	0	5461.000000	-1035.500000	-170.000000	319.784736	81095
1	1	                 ste	0	5557.000000	-1006.000000	-169.000000	121.118520	130355
1	1	                 ste	0	5557.000000	-1006.000000	-169.000000	18.237000	1515911
1	1	                 ste	0	5557.000000	-1006.000000	-169.000000	69.105913	1704446
1	1	             minirad	0	5401.000000	-1029.600000	-170.000000	157.212554	2184666
1	1	                 ste	0	5557.000000	-1006.000000	-169.000000	30.625000	3355393
1	1	             minirad	0	5401.000000	-1029.600000	-170.000000	25.714293	4045034
1	1	          Polimaster	0	5461.000000	-1035.500000	-170.000000	30.973000	4131288
1	1	          Polimaster	0	5461.000000	-1035.500000	-170.000000	191.659058	4886965
1	1	                 ste	0	5557.000000	-1006.000000	-169.000000	53.162500	5362963
1	1	          Polimaster	0	5461.000000	-1035.500000	-170.000000	107.189812	95377
1	1	             minirad	0	5401.000000	-1029.600000	-170.000000	276.400000	221664
1	1	          Polimaster	0	5461.000000	-1035.500000	-170.000000	80.997100	516135
1	1	                 ste	0	5557.000000	-1006.000000	-169.000000	64.263878	2024125
1	1	                 ste	0	5557.000000	-1006.000000	-169.000000	122.419173	3481551
1	1	             minirad	0	5401.000000	-1029.600000	-170.000000	60.666940	5259
1	1	          Polimaster	0	5461.000000	-1035.500000	-170.000000	34.920000	430318
1	1	             minirad	0	5401.000000	-1029.600000	-170.000000	326.650430	641388
1	1	                 ste	0	5557.000000	-1006.000000	-169.000000	95.161046	725562
1	1	                 ste	0	5557.000000	-1006.000000	-169.000000	66.928817	2538963
1	1	                 ste	0	5557.000000	-1006.000000	-169.000000	270.090122	3504890
1	1	          Polimaster	0	5461.000000	-1035.500000	-170.000000	52.359771	3599561
1	1	          Polimaster	0	5461.000000	-1035.500000	-170.000000	108.897750	4114467
1	1	             minirad	0	5401.000000	-1029.600000	-170.000000	80.997100	4951798
1	1	             minirad	0	5401.000000	-1029.600000	-170.000000	31.962872	425760
1	1	             minirad	0	5401.000000	-1029.600000	-170.000000	292.110815	1062497
1	1	          Polimaster	0	5461.000000	-1035.500000	-170.000000	297.980789	1091712
1	1	             minirad	0	5401.000000	-1029.600000	-170.000000	67.407464	1509856
1	1	          Polimaster	0	5461.000000	-1035.500000	-170.000000	114.903504	2047556
1	1	          Polimaster	0	5461.000000	-1035.500000	-170.000000	30.973000	3517719
1	1	                 ste	0	5557.000000	-1006.000000	-169.000000	143.188099	4014284
1	1	             minirad	0	5401.000000	-1029.600000	-170.000000	80.997100	4921170
1	1	          Polimaster	0	5461.000000	-1035.500000	-170.000000	18.532481	4987956
1	1	          Polimaster	0	5461.000000	-1035.500000	-170.000000	30.973000	5204871
1	1	          Polimaster	0	5461.000000	-1035.500000	-170.000000	136.091892	5511250
1	1	          Polimaster	0	5461.000000	-1035.500000	-170.000000	246.075044	1139773
1	1	                 ste	0	5557.000000	-1006.000000	-169.000000	117.946514	1330479
1	1	          Polimaster	0	5461.000000	-1035.500000	-170.000000	356.013000	2106894
1	1	             minirad	0	5401.000000	-1029.600000	-170.000000	70.385208	2597502
1	1	          Polimaster	0	5461.000000	-1035.500000	-170.000000	80.997100	3682430
1	1	          Polimaster	0	5461.000000	-1035.500000	-170.000000	356.013000	4375167
1	1	             minirad	0	5401.000000	-1029.600000	-170.000000	154.890311	1085522
1	1	                 ste	0	5557.000000	-1006.000000	-169.000000	69.103596	1670979
1	1	                 ste	0	5557.000000	-1006.000000	-169.000000	80.997100	1906682
1	1	                 ste	0	5557.000000	-1006.000000	-169.000000	77.384064	2154025
1	1	          Polimaster	0	5461.000000	-1035.500000	-170.000000	126.938158	2999217
1	1	          Polimaster	0	5461.000000	-1035.500000	-170.000000	356.013000	4837985
1	1	          Polimaster	0	5461.000000	-1035.500000	-170.000000	30.973000	5089255
1	1	          Polimaster	0	5461.000000	-1035.500000	-170.000000	141.390102	1052285
1	1	                 ste	0	5557.000000	-1006.000000	-169.000000	140.612165	1069452
1	1	          Polimaster	0	5461.000000	-1035.500000	-170.000000	77.768647	1557418
1	1	          Polimaster	0	5461.000000	-1035.500000	-170.000000	109.286490	1809697
1	1	             minirad	0	5401.000000	-1029.600000	-170.000000	30.973000	1978469
1	1	          Polimaster	0	5461.000000	-1035.500000	-170.000000	105.928972	2010217
1	1	                 ste	0	5557.000000	-1006.000000	-169.000000	126.011282	2061073
1	1	          Polimaster	0	5461.000000	-1035.500000	-170.000000	304.034462	2100075
1	1	                 ste	0	5557.000000	-1006.000000	-169.000000	1.847115	2310911
1	1	          Polimaster	0	5461.000000	-1035.500000	-170.000000	150.549548	2534910
1	1	             minirad	0	5401.000000	-1029.600000	-170.000000	107.409319	2696726
1	1	                 ste	0	5557.000000	-1006.000000	-169.000000	137.591344	4286114
1	1	             minirad	0	5401.000000	-1029.600000	-170.000000	80.997100	4509103
1	1	          Polimaster	0	5461.000000	-1035.500000	-170.000000	80.997100	17594
1	1	                 ste	0	5557.000000	-1006.000000	-169.000000	160.611000	303694
1	1	                 ste	0	5557.000000	-1006.000000	-169.000000	76.264507	1678365
1	1	                 ste	0	5557.000000	-1006.000000	-169.000000	245.875490	2067291
1	1	                 ste	0	5557.000000	-1006.000000	-169.000000	117.634819	2188046
1	1	          Polimaster	0	5461.000000	-1035.500000	-170.000000	80.997100	2289839
1	1	          Polimaster	0	5461.000000	-1035.500000	-170.000000	53.162500	2914448
1	1	          Polimaster	0	5461.000000	-1035.500000	-170.000000	64.913320	3128427
1	1	          Polimaster	0	5461.000000	-1035.500000	-170.000000	54.821996	3973806
1	1	             minirad	0	5401.000000	-1029.600000	-170.000000	109.944570	5486657
1	1	                 ste	0	5557.000000	-1006.000000	-169.000000	356.013000	50815
1	1	                 ste	0	5557.000000	-1006.000000	-169.000000	356.013000	2672011
1	1	                 ste	0	5557.000000	-1006.000000	-169.000000	24.958645	2751019
1	1	                 ste	0	5557.000000	-1006.000000	-169.000000	71.343098	3122571
1	1	                 ste	0	5557.000000	-1006.000000	-169.000000	59.847630	3650099
1	1	          Polimaster	0	5461.000000	-1035.500000	-170.000000	80.997100	4033438
1	1	          Polimaster	0	5461.000000	-1035.500000	-170.000000	73.196306	4420727
1	1	                 ste	0	5557.000000	-1006.000000	-169.000000	22.700422	4855985
1	1	                 ste	0	5557.000000	-1006.000000	-169.000000	214.369730	5361669
1	1	                 ste	0	5557.000000	-1006.000000	-169.000000	100.352581	5434474
1	1	          Polimaster	0	5461.000000	-1035.500000	-170.000000	243.271467	2619520
1	1	                 ste	0	5557.000000	-1006.000000	-169.000000	50.018200	3223347
1	1	                 ste	0	5557.000000	-1006.000000	-169.000000	30.625000	254070
1	1	          Polimaster	0	5461.000000	-1035.500000	-170.000000	356.013000	1157749
1	1	                 ste	0	5557.000000	-1006.000000	-169.000000	30.973000	1548829
1	1	          Polimaster	0	5461.000000	-1035.500000	-170.000000	35.818000	2861602
1	1	                 ste	0	5557.000000	-1006.000000	-169.000000	232.159478	5415899
1	1	             minirad	0	5401.000000	-1029.600000	-170.000000	124.460273	731467
1	1	          Polimaster	0	5461.000000	-1035.500000	-170.000000	238.067726	1756315
1	1	                 ste	0	5557.000000	-1006.000000	-169.000000	25.586231	1988020
1	1	                 ste	0	5557.000000	-1006.000000	-169.000000	356.013000	2367323
1	1	             minirad	0	5401.000000	-1029.600000	-170.000000	65.570211	2589491
1	1	          Polimaster	0	5461.000000	-1035.500000	-170.000000	80.997100	3152131
1	1	          Polimaster	0	5461.000000	-1035.500000	-170.000000	34.987000	4086884
1	1	          Polimaster	0	5461.000000	-1035.500000	-170.000000	356.013000	5031557
1	1	             minirad	0	5401.000000	-1029.600000	-170.000000	80.997100	5369121
1	1	                 ste	0	5557.000000	-1006.000000	-169.000000	30.973000	784685
1	1	          Polimaster	0	5461.000000	-1035.500000	-170.000000	80.997100	921663
1	1	                 ste	0	5557.000000	-1006.000000	-169.000000	122.353668	1517747
1	1	                 ste	0	5557.000000	-1006.000000	-169.000000	30.625000	2081584
1	1	             minirad	0	5401.000000	-1029.600000	-170.000000	33.309338	2994454
1	1	          Polimaster	0	5461.000000	-1035.500000	-170.000000	80.997100	3272018
1	1	          Polimaster	0	5461.000000	-1035.500000	-170.000000	150.142894	3548059
1	1	                 ste	0	5557.000000	-1006.000000	-169.000000	144.774858	4224075
1	1	             minirad	0	5401.000000	-1029.600000	-170.000000	136.827063	4828308
1	1	          Polimaster	0	5461.000000	-1035.500000	-170.000000	129.181987	5599985
1	1	                 ste	0	5557.000000	-1006.000000	-169.000000	302.851000	515494
1	1	                 ste	0	5557.000000	-1006.000000	-169.000000	53.416336	1493717
1	1	                 ste	0	5557.000000	-1006.000000	-169.000000	80.997100	2614228
1	1	          Polimaster	0	5461.000000	-1035.500000	-170.000000	163.232232	3833521
1	1	             minirad	0	5401.000000	-1029.600000	-170.000000	30.973000	4619733
1	1	                 ste	0	5557.000000	-1006.000000	-169.000000	164.546169	3630477
1	1	                 ste	0	5557.000000	-1006.000000	-169.000000	147.178631	4102236
1	1	          Polimaster	0	5461.000000	-1035.500000	-170.000000	100.262209	4901172
1	1	             minirad	0	5401.000000	-1029.600000	-170.000000	77.084434	5179138
1	1	                 ste	0	5557.000000	-1006.000000	-169.000000	47.376527	5382260
1	1	                 ste	0	5557.000000	-1006.000000	-169.000000	61.981038	1620712
1	1	             minirad	0	5401.000000	-1029.600000	-170.000000	72.518568	2379209
1	1	                 ste	0	5557.000000	-1006.000000	-169.000000	80.997100	2964360
1	1	          Polimaster	0	5461.000000	-1035.500000	-170.000000	122.146004	3448405
1	1	                 ste	0	5557.000000	-1006.000000	-169.000000	136.190893	3694513
1	1	             minirad	0	5401.000000	-1029.600000	-170.000000	154.533568	3931020
1	1	             minirad	0	5401.000000	-1029.600000	-170.000000	61.495288	4524531
1	1	             minirad	0	5401.000000	-1029.600000	-170.000000	153.743745	5248870
1	1	             minirad	0	5401.000000	-1029.600000	-170.000000	356.013000	5322073
1	1	          Polimaster	0	5461.000000	-1035.500000	-170.000000	127.751046	318692
1	1	          Polimaster	0	5461.000000	-1035.500000	-170.000000	174.146214	349863
1	1	                 ste	0	5557.000000	-1006.000000	-169.000000	2.890475	1074809
1	1	                 ste	0	5557.000000	-1006.000000	-169.000000	30.973000	1218555
1	1	          Polimaster	0	5461.000000	-1035.500000	-170.000000	101.465866	1688355
1	1	                 ste	0	5557.000000	-1006.000000	-169.000000	116.490712	2780683
1	1	             minirad	0	5401.000000	-1029.600000	-170.000000	112.656712	3013323
1	1	                 ste	0	5557.000000	-1006.000000	-169.000000	80.997100	3056598
1	1	                 ste	0	5557.000000	-1006.000000	-169.000000	276.400000	3526325
1	1	                 ste	0	5557.000000	-1006.000000	-169.000000	30.973000	3746063
1	1	          Polimaster	0	5461.000000	-1035.500000	-170.000000	383.848000	3964353
1	1	                 ste	0	5557.000000	-1006.000000	-169.000000	189.878199	5244362
1	1	          Polimaster	0	5461.000000	-1035.500000	-170.000000	34.760501	386989
1	1	             minirad	0	5401.000000	-1029.600000	-170.000000	242.793832	964384
1	1	                 ste	0	5557.000000	-1006.000000	-169.000000	64.315696	1256217
1	1	             minirad	0	5401.000000	-1029.600000	-170.000000	28.374184	1399932
1	1	                 ste	0	5557.000000	-1006.000000	-169.000000	102.994806	1935552
1	1	                 ste	0	5557.000000	-1006.000000	-169.000000	30.973000	2007853
1	1	          Polimaster	0	5461.000000	-1035.500000	-170.000000	356.013000	2623663
1	1	          Polimaster	0	5461.000000	-1035.500000	-170.000000	31.311934	3153880
1	1	                 ste	0	5557.000000	-1006.000000	-169.000000	30.973000	3950302
1	1	          Polimaster	0	5461.000000	-1035.500000	-170.000000	30.625000	4085365
1	1	          Polimaster	0	5461.000000	-1035.500000	-170.000000	110.505399	220130
1	1	          Polimaster	0	5461.000000	-1035.500000	-170.000000	98.966541	2129671
1	1	             minirad	0	5401.000000	-1029.600000	-170.000000	169.654046	2263570
1	1	             minirad	0	5401.000000	-1029.600000	-170.000000	74.056478	2458931
1	1	             minirad	0	5401.000000	-1029.600000	-170.000000	223.237000	2735744
1	1	          Polimaster	0	5461.000000	-1035.500000	-170.000000	64.358749	3597333
1	1	             minirad	0	5401.000000	-1029.600000	-170.000000	33.250964	3649924
1	1	             minirad	0	5401.000000	-1029.600000	-170.000000	125.317884	4258243
1	1	          Polimaster	0	5461.000000	-1035.500000	-170.000000	302.851000	5650363
1	1	                 ste	0	5557.000000	-1006.000000	-169.000000	49.042241	931461
1	1	             minirad	0	5401.000000	-1029.600000	-170.000000	21.550440	1212484
1	1	                 ste	0	5557.000000	-1006.000000	-169.000000	267.399850	1608047
1	1	                 ste	0	5557.000000	-1006.000000	-169.000000	356.013000	2069257
1	1	          Polimaster	0	5461.000000	-1035.500000	-170.000000	110.459754	2501104
1	1	                 ste	0	5557.000000	-1006.000000	-169.000000	27.824287	2780737
1	1	          Polimaster	0	5461.000000	-1035.500000	-170.000000	302.851000	3191751
1	1	          Polimaster	0	5461.000000	-1035.500000	-170.000000	80.997100	3219831
1	1	                 ste	0	5557.000000	-1006.000000	-169.000000	269.827874	5145266
1	1	          Polimaster	0	5461.000000	-1035.500000	-170.000000	77.663899	5426514
1	1	                 ste	0	5557.000000	-1006.000000	-169.000000	301.550533	5511443
1	1	          Polimaster	0	5461.000000	-1035.500000	-170.000000	30.625000	5520768
1	1	                 ste	0	5557.000000	-1006.000000	-169.000000	356.013000	341143
1	1	          Polimaster	0	5461.000000	-1035.500000	-170.000000	30.625000	2575998
1	1	                 ste	0	5557.000000	-1006.000000	-169.000000	119.539307	2686498
1	1	          Polimaster	0	5461.000000	-1035.500000	-170.000000	30.973000	3172858
1	1	             minirad	0	5401.000000	-1029.600000	-170.000000	101.109899	3301676
1	1	             minirad	0	5401.000000	-1029.600000	-170.000000	62.264188	4289351
1	1	                 ste	0	5557.000000	-1006.000000	-169.000000	34.987000	4427320
1	1	          Polimaster	0	5461.000000	-1035.500000	-170.000000	80.997100	4897813
1	1	                 ste	0	5557.000000	-1006.000000	-169.000000	30.973000	5184078
1	1	                 ste	0	5557.000000	-1006.000000	-169.000000	57.583899	256566
1	1	                 ste	0	5557.000000	-1006.000000	-169.000000	30.973000	1126869
1	1	          Polimaster	0	5461.000000	-1035.500000	-170.000000	168.935844	1265173
1	1	             minirad	0	5401.000000	-1029.600000	-170.000000	276.400000	1396007
1	1	             minirad	0	5401.000000	-1029.600000	-170.000000	159.773705	2169624
1	1	          Polimaster	0	5461.000000	-1035.500000	-170.000000	30.973000	4494316
1	1	             minirad	0	5401.000000	-1029.600000	-170.000000	121.370387	5267823
1	1	          Polimaster	0	5461.000000	-1035.500000	-170.000000	28.969873	1110677
1	1	          Polimaster	0	5461.000000	-1035.500000	-170.000000	133.544069	2140045
1	1	          Polimaster	0	5461.000000	-1035.500000	-170.000000	94.175319	2316394
1	1	                 ste	0	5557.000000	-1006.000000	-169.000000	30.973000	3389467
1	1	             minirad	0	5401.000000	-1029.600000	-170.000000	30.625000	4613835
1	1	                 ste	0	5557.000000	-1006.000000	-169.000000	383.848000	184991
1	1	          Polimaster	0	5461.000000	-1035.500000	-170.000000	193.122639	959870
1	1	             minirad	0	5401.000000	-1029.600000	-170.000000	135.791976	1313282
1	1	          Polimaster	0	5461.000000	-1035.500000	-170.000000	45.943775	5184554
1	1	                 ste	0	5557.000000	-1006.000000	-169.000000	205.947740	5190518
1	1	                 ste	0	5557.000000	-1006.000000	-169.000000	30.625000	5209360
1	1	          Polimaster	0	5461.000000	-1035.500000	-170.000000	30.973000	5303750
1	1	             minirad	0	5401.000000	-1029.600000	-170.000000	80.997100	116400
1	1	          Polimaster	0	5461.000000	-1035.500000	-170.000000	169.238069	218617
1	1	                 ste	0	5557.000000	-1006.000000	-169.000000	165.218431	519021
1	1	          Polimaster	0	5461.000000	-1035.500000	-170.000000	67.522940	702405
1	1	          Polimaster	0	5461.000000	-1035.500000	-170.000000	356.013000	959260
1	1	             minirad	0	5401.000000	-1029.600000	-170.000000	135.856346	3292391
1	1	                 ste	0	5557.000000	-1006.000000	-169.000000	107.641451	3601023
1	1	          Polimaster	0	5461.000000	-1035.500000	-170.000000	254.956855	4977355
1	1	             minirad	0	5401.000000	-1029.600000	-170.000000	187.818596	59088
1	1	             minirad	0	5401.000000	-1029.600000	-170.000000	80.997100	317244
1	1	                 ste	0	5557.000000	-1006.000000	-169.000000	76.559351	2068305
1	1	             minirad	0	5401.000000	-1029.600000	-170.000000	149.939101	3040737
1	1	             minirad	0	5401.000000	-1029.600000	-170.000000	179.180185	3057803
1	1	          Polimaster	0	5461.000000	-1035.500000	-170.000000	101.311775	3588808
1	1	          Polimaster	0	5461.000000	-1035.500000	-170.000000	80.997100	5426119
1	1	          Polimaster	0	5461.000000	-1035.500000	-170.000000	80.997100	49859
1	1	          Polimaster	0	5461.000000	-1035.500000	-170.000000	30.973000	529270
1	1	             minirad	0	5401.000000	-1029.600000	-170.000000	356.013000	3000045
1	1	                 ste	0	5557.000000	-1006.000000	-169.000000	195.184424	3385068
1	1	          Polimaster	0	5461.000000	-1035.500000	-170.000000	38.145837	3727221
1	1	             minirad	0	5401.000000	-1029.600000	-170.000000	79.613900	4288987
1	1	          Polimaster	0	5461.000000	-1035.500000	-170.000000	125.786149	4525365
1	1	             minirad	0	5401.000000	-1029.600000	-170.000000	147.883758	5251344
1	1	          Polimaster	0	5461.000000	-1035.500000	-170.000000	133.672177	5404299
1	1	                 ste	0	5557.000000	-1006.000000	-169.000000	80.997100	632251
1	1	                 ste	0	5557.000000	-1006.000000	-169.000000	123.801016	831451
1	1	                 ste	0	5557.000000	-1006.000000	-169.000000	356.013000	1403880
1	1	                 ste	0	5557.000000	-1006.000000	-169.000000	114.325259	2132714
1	1	          Polimaster	0	5461.000000	-1035.500000	-170.000000	64.408236	153657
1	1	          Polimaster	0	5461.000000	-1035.500000	-170.000000	30.973000	1433556
1	1	                 ste	0	5557.000000	-1006.000000	-169.000000	96.390500	1518191
1	1	          Polimaster	0	5461.000000	-1035.500000	-170.000000	29.595294	1555624
1	1	                 ste	0	5557.000000	-1006.000000	-169.000000	34.627801	3535589
1	1	          Polimaster	0	5461.000000	-1035.500000	-170.000000	171.912195	4714013
1	1	          Polimaster	0	5461.000000	-1035.500000	-170.000000	30.973000	4930528
1	1	                 ste	0	5557.000000	-1006.000000	-169.000000	383.848000	5512660
1	1	          Polimaster	0	5461.000000	-1035.500000	-170.000000	72.135308	120757
1	1	          Polimaster	0	5461.000000	-1035.500000	-170.000000	163.219318	1830946
1	1	                 ste	0	5557.000000	-1006.000000	-169.000000	74.835380	1886171
1	1	          Polimaster	0	5461.000000	-1035.500000	-170.000000	276.400000	1985121
1	1	             minirad	0	5401.000000	-1029.600000	-170.000000	63.229873	2025175
1	1	          Polimaster	0	5461.000000	-1035.500000	-170.000000	356.013000	3117873
1	1	          Polimaster	0	5461.000000	-1035.500000	-170.000000	183.332229	3265670
1	1	             minirad	0	5401.000000	-1029.600000	-170.000000	68.779874	3502905
1	1	                 ste	0	5557.000000	-1006.000000	-169.000000	34.987000	4239745
1	1	          Polimaster	0	5461.000000	-1035.500000	-170.000000	30.625000	4503691
1	1	                 ste	0	5557.000000	-1006.000000	-169.000000	28.436285	4807675
1	1	                 ste	0	5557.000000	-1006.000000	-169.000000	78.393555	188797
1	1	             minirad	0	5401.000000	-1029.600000	-170.000000	137.722163	321813
1	1	                 ste	0	5557.000000	-1006.000000	-169.000000	27.337884	407911
1	1	          Polimaster	0	5461.000000	-1035.500000	-170.000000	28.781207	956895
2	1	          Polimaster	0	5461.000000	-1035.500000	-170.000000	27.372548	1	             minirad	0	5401.000000	-1029.600000	-170.000000	172.742248	1642854
1	1	          Polimaster	0	5461.000000	-1035.500000	-170.000000	162.726363	2126857
1	1	             minirad	0	5401.000000	-1029.600000	-170.000000	310.748244	2278331
1	1	                 ste	0	5557.000000	-1006.000000	-169.000000	130.974497	2642794
1	1	          Polimaster	0	5461.000000	-1035.500000	-170.000000	356.013000	3433418
1	1	          Polimaster	0	5461.000000	-1035.500000	-170.000000	356.013000	3787082
1	1	             minirad	0	5401.000000	-1029.600000	-170.000000	34.920000	4323431
1	1	          Polimaster	0	5461.000000	-1035.500000	-170.000000	80.997100	4362987
1	1	                 ste	0	5557.000000	-1006.000000	-169.000000	383.848000	2022987
1	1	          Polimaster	0	5461.000000	-1035.500000	-170.000000	180.578508	2132961
1	1	             minirad	0	5401.000000	-1029.600000	-170.000000	82.929334	2276808
1	1	          Polimaster	0	5461.000000	-1035.500000	-170.000000	270.558371	3271256
1	1	          Polimaster	0	5461.000000	-1035.500000	-170.000000	144.961531	3403283
1	1	          Polimaster	0	5461.000000	-1035.500000	-170.000000	58.200198	3964906
1	1	             minirad	0	5401.000000	-1029.600000	-170.000000	158.940918	4083403
1	1	          Polimaster	0	5461.000000	-1035.500000	-170.000000	153.628507	4493888
1	1	                 ste	0	5557.000000	-1006.000000	-169.000000	356.013000	4855292
1	1	          Polimaster	0	5461.000000	-1035.500000	-170.000000	22.078283	5300580
1	1	                 ste	0	5557.000000	-1006.000000	-169.000000	80.997100	29928
1	1	                 ste	0	5557.000000	-1006.000000	-169.000000	63.819665	567541
1	1	          Polimaster	0	5461.000000	-1035.500000	-170.000000	30.973000	1978171
1	1	          Polimaster	0	5461.000000	-1035.500000	-170.000000	56.723577	2297885
1	1	                 ste	0	5557.000000	-1006.000000	-169.000000	356.013000	2298539
1	1	                 ste	0	5557.000000	-1006.000000	-169.000000	34.920000	2563837
1	1	                 ste	0	5557.000000	-1006.000000	-169.000000	129.762068	3515262
1	1	          Polimaster	0	5461.000000	-1035.500000	-170.000000	153.081586	4125467
1	1	                 ste	0	5557.000000	-1006.000000	-169.000000	30.385788	4467661
1	1	             minirad	0	5401.000000	-1029.600000	-170.000000	5.957907	4905201
1	1	                 ste	0	5557.000000	-1006.000000	-169.000000	356.013000	50390
1	1	             minirad	0	5401.000000	-1029.600000	-170.000000	302.851000	325986
1	1	          Polimaster	0	5461.000000	-1035.500000	-170.000000	356.013000	2151049
1	1	          Polimaster	0	5461.000000	-1035.500000	-170.000000	30.625000	2818260
1	1	          Polimaster	0	5461.000000	-1035.500000	-170.000000	96.338075	3899770
1	1	          Polimaster	0	5461.000000	-1035.500000	-170.000000	172.725625	4652553
1	1	             minirad	0	5401.000000	-1029.600000	-170.000000	93.466031	4934285
1	1	                 ste	0	5557.000000	-1006.000000	-169.000000	35.818000	516980
1	1	             minirad	0	5401.000000	-1029.600000	-170.000000	80.997100	1590145
1	1	                 ste	0	5557.000000	-1006.000000	-169.000000	80.997100	1781897
1	1	          Polimaster	0	5461.000000	-1035.500000	-170.000000	4.765179	3611729
1	1	             minirad	0	5401.000000	-1029.600000	-170.000000	57.983255	3773461
1	1	          Polimaster	0	5461.000000	-1035.500000	-170.000000	138.042045	3864519
1	1	                 ste	0	5557.000000	-1006.000000	-169.000000	314.245598	4599091
1	1	          Polimaster	0	5461.000000	-1035.500000	-170.000000	356.013000	4854363
1	1	             minirad	0	5401.000000	-1029.600000	-170.000000	356.013000	5329838
1	1	             minirad	0	5401.000000	-1029.600000	-170.000000	80.997100	90139
1	1	             minirad	0	5401.000000	-1029.600000	-170.000000	147.216373	1364771
1	1	             minirad	0	5401.000000	-1029.600000	-170.000000	97.024883	3501703
1	1	                 ste	0	5557.000000	-1006.000000	-169.000000	80.997100	4119383
1	1	                 ste	0	5557.000000	-1006.000000	-169.000000	80.997100	873456
1	1	             minirad	0	5401.000000	-1029.600000	-170.000000	81.378526	1693283
1	1	                 ste	0	5557.000000	-1006.000000	-169.000000	30.625000	2155663
1	1	             minirad	0	5401.000000	-1029.600000	-170.000000	79.858721	2253851
1	1	          Polimaster	0	5461.000000	-1035.500000	-170.000000	77.496924	2442888
1	1	             minirad	0	5401.000000	-1029.600000	-170.000000	160.611000	3061658
1	1	          Polimaster	0	5461.000000	-1035.500000	-170.000000	70.760795	3627100
1	1	          Polimaster	0	5461.000000	-1035.500000	-170.000000	116.610780	4953176
1	1	             minirad	0	5401.000000	-1029.600000	-170.000000	30.973000	5401685
1	1	                 ste	0	5557.000000	-1006.000000	-169.000000	356.013000	5403806
1	1	          Polimaster	0	5461.000000	-1035.500000	-170.000000	80.997100	138106
1	1	                 ste	0	5557.000000	-1006.000000	-169.000000	383.848000	2821794
1	1	          Polimaster	0	5461.000000	-1035.500000	-170.000000	132.288507	2972032
1	1	             minirad	0	5401.000000	-1029.600000	-170.000000	253.604854	4040887
1	1	                 ste	0	5557.000000	-1006.000000	-169.000000	61.734045	5399313
1	1	                 ste	0	5557.000000	-1006.000000	-169.000000	30.625000	5595250
1	1	                 ste	0	5557.000000	-1006.000000	-169.000000	356.013000	945281
1	1	             minirad	0	5401.000000	-1029.600000	-170.000000	22.677545	1079871
1	1	                 ste	0	5557.000000	-1006.000000	-169.000000	30.973000	1649936
1	1	                 ste	0	5557.000000	-1006.000000	-169.000000	81.722483	1708056
1	1	          Polimaster	0	5461.000000	-1035.500000	-170.000000	72.543597	2187427
1	1	                 ste	0	5557.000000	-1006.000000	-169.000000	98.148898	2664650
1	1	                 ste	0	5557.000000	-1006.000000	-169.000000	173.299025	2716690
1	1	          Polimaster	0	5461.000000	-1035.500000	-170.000000	102.651639	3044896
1	1	             minirad	0	5401.000000	-1029.600000	-170.000000	80.997100	3338652
1	1	          Polimaster	0	5461.000000	-1035.500000	-170.000000	30.973000	4098923
1	1	             minirad	0	5401.000000	-1029.600000	-170.000000	12.745529	4223117
1	1	          Polimaster	0	5461.000000	-1035.500000	-170.000000	30.625000	4324007
1	1	          Polimaster	0	5461.000000	-1035.500000	-170.000000	74.152596	4775073
1	1	                 ste	0	5557.000000	-1006.000000	-169.000000	30.973000	5009276
1	1	          Polimaster	0	5461.000000	-1035.500000	-170.000000	80.997100	1195041
1	1	             minirad	0	5401.000000	-1029.600000	-170.000000	73.603462	1860882
1	1	                 ste	0	5557.000000	-1006.000000	-169.000000	218.322838	2324388
1	1	             minirad	0	5401.000000	-1029.600000	-170.000000	130.139397	5123051
1	1	          Polimaster	0	5461.000000	-1035.500000	-170.000000	356.013000	156309
1	1	          Polimaster	0	5461.000000	-1035.500000	-170.000000	63.042016	239002
1	1	                 ste	0	5557.000000	-1006.000000	-169.000000	34.025751	267929
1	1	                 ste	0	5557.000000	-1006.000000	-169.000000	49.137093	290342
1	1	             minirad	0	5401.000000	-1029.600000	-170.000000	64.069053	2176282
1	1	          Polimaster	0	5461.000000	-1035.500000	-170.000000	109.777597	4318471
1	1	                 ste	0	5557.000000	-1006.000000	-169.000000	112.594283	4483036
1	1	                 ste	0	5557.000000	-1006.000000	-169.000000	185.403889	4562142
1	1	             minirad	0	5401.000000	-1029.600000	-170.000000	73.659638	4651533
1	1	          Polimaster	0	5461.000000	-1035.500000	-170.000000	30.973000	4697209
1	1	             minirad	0	5401.000000	-1029.600000	-170.000000	80.997100	5509257
1	1	          Polimaster	0	5461.000000	-1035.500000	-170.000000	138.319736	2066704
1	1	                 ste	0	5557.000000	-1006.000000	-169.000000	188.095114	3759555
1	1	          Polimaster	0	5461.000000	-1035.500000	-170.000000	302.851000	3918229
1	1	          Polimaster	0	5461.000000	-1035.500000	-170.000000	92.644995	3968298
1	1	          Polimaster	0	5461.000000	-1035.500000	-170.000000	129.286334	4633123
1	1	                 ste	0	5557.000000	-1006.000000	-169.000000	30.625000	1248040
1	1	                 ste	0	5557.000000	-1006.000000	-169.000000	137.348892	1895141
1	1	             minirad	0	5401.000000	-1029.600000	-170.000000	302.851000	2470457
1	1	          Polimaster	0	5461.000000	-1035.500000	-170.000000	30.973000	2694431
1	1	                 ste	0	5557.000000	-1006.000000	-169.000000	80.997100	3979279
1	1	             minirad	0	5401.000000	-1029.600000	-170.000000	126.486068	5103834
1	1	                 ste	0	5557.000000	-1006.000000	-169.000000	80.997100	5390624
1	1	                 ste	0	5557.000000	-1006.000000	-169.000000	30.100158	5304
1	1	          Polimaster	0	5461.000000	-1035.500000	-170.000000	232.700993	703736
1	1	                 ste	0	5557.000000	-1006.000000	-169.000000	57.961850	750862
1	1	          Polimaster	0	5461.000000	-1035.500000	-170.000000	356.013000	2118665
1	1	             minirad	0	5401.000000	-1029.600000	-170.000000	80.997100	3613671
1	1	             minirad	0	5401.000000	-1029.600000	-170.000000	232.643359	3983860
1	1	                 ste	0	5557.000000	-1006.000000	-169.000000	80.997100	4319752
1	1	          Polimaster	0	5461.000000	-1035.500000	-170.000000	30.973000	4452484
1	1	          Polimaster	0	5461.000000	-1035.500000	-170.000000	105.660615	5568963
1	1	             minirad	0	5401.000000	-1029.600000	-170.000000	163.994039	570103
1	1	                 ste	0	5557.000000	-1006.000000	-169.000000	6.952213	638090
1	1	             minirad	0	5401.000000	-1029.600000	-170.000000	141.158509	1273990
1	1	          Polimaster	0	5461.000000	-1035.500000	-170.000000	80.997100	2376043
1	1	          Polimaster	0	5461.000000	-1035.500000	-170.000000	267.132068	2597225
1	1	                 ste	0	5557.000000	-1006.000000	-169.000000	203.794842	2879550
1	1	                 ste	0	5557.000000	-1006.000000	-169.000000	161.964080	3002124
1	1	                 ste	0	5557.000000	-1006.000000	-169.000000	148.026837	3496946
1	1	          Polimaster	0	5461.000000	-1035.500000	-170.000000	129.194491	3679178
1	1	          Polimaster	0	5461.000000	-1035.500000	-170.000000	91.618604	3909868
1	1	             minirad	0	5401.000000	-1029.600000	-170.000000	52.387600	3969036
1	1	                 ste	0	5557.000000	-1006.000000	-169.000000	156.170716	5333614
1	1	                 ste	0	5557.000000	-1006.000000	-169.000000	227.804473	203715
1	1	          Polimaster	0	5461.000000	-1035.500000	-170.000000	134.667170	462049
1	1	                 ste	0	5557.000000	-1006.000000	-169.000000	147.861117	1043052
1	1	                 ste	0	5557.000000	-1006.000000	-169.000000	302.851000	1283539
1	1	          Polimaster	0	5461.000000	-1035.500000	-170.000000	109.298280	1775919
1	1	          Polimaster	0	5461.000000	-1035.500000	-170.000000	302.851000	1967543
1	1	          Polimaster	0	5461.000000	-1035.500000	-170.000000	322.329673	3298801
1	1	          Polimaster	0	5461.000000	-1035.500000	-170.000000	44.275400	3457272
1	1	                 ste	0	5557.000000	-1006.000000	-169.000000	110.816355	3600825
1	1	                 ste	0	5557.000000	-1006.000000	-169.000000	302.851000	3864076
1	1	          Polimaster	0	5461.000000	-1035.500000	-170.000000	80.997100	4165272
1	1	                 ste	0	5557.000000	-1006.000000	-169.000000	123.307662	4705804
1	1	          Polimaster	0	5461.000000	-1035.500000	-170.000000	243.963382	5117736
1	1	                 ste	0	5557.000000	-1006.000000	-169.000000	80.997100	5502727
1	1	          Polimaster	0	5461.000000	-1035.500000	-170.000000	80.997100	470581
1	1	             minirad	0	5401.000000	-1029.600000	-170.000000	356.013000	537815
1	1	             minirad	0	5401.000000	-1029.600000	-170.000000	156.312055	1264932
1	1	          Polimaster	0	5461.000000	-1035.500000	-170.000000	14.556958	1787294
1	1	          Polimaster	0	5461.000000	-1035.500000	-170.000000	174.089884	2642214
1	1	                 ste	0	5557.000000	-1006.000000	-169.000000	23.390414	2819726
1	1	          Polimaster	0	5461.000000	-1035.500000	-170.000000	182.648776	1606587
1	1	          Polimaster	0	5461.000000	-1035.500000	-170.000000	155.214158	2489691
1	1	          Polimaster	0	5461.000000	-1035.500000	-170.000000	79.613900	2874886
1	1	                 ste	0	5557.000000	-1006.000000	-169.000000	162.584701	3867973
1	1	             minirad	0	5401.000000	-1029.600000	-170.000000	356.013000	4641422
1	1	          Polimaster	0	5461.000000	-1035.500000	-170.000000	80.997100	40097
1	1	          Polimaster	0	5461.000000	-1035.500000	-170.000000	302.851000	169521
1	1	          Polimaster	0	5461.000000	-1035.500000	-170.000000	106.588954	525699
1	1	             minirad	0	5401.000000	-1029.600000	-170.000000	30.625000	532611
1	1	          Polimaster	0	5461.000000	-1035.500000	-170.000000	117.725951	1292740
1	1	                 ste	0	5557.000000	-1006.000000	-169.000000	89.383938	1405287
1	1	                 ste	0	5557.000000	-1006.000000	-169.000000	26.284511	1489351
1	1	             minirad	0	5401.000000	-1029.600000	-170.000000	34.920000	1622188
1	1	          Polimaster	0	5461.000000	-1035.500000	-170.000000	356.013000	2351523
1	1	          Polimaster	0	5461.000000	-1035.500000	-170.000000	80.997100	2381222
1	1	          Polimaster	0	5461.000000	-1035.500000	-170.000000	182.061548	2584040
1	1	          Polimaster	0	5461.000000	-1035.500000	-170.000000	152.596169	2789695
1	1	          Polimaster	0	5461.000000	-1035.500000	-170.000000	170.701568	3102253
1	1	             minirad	0	5401.000000	-1029.600000	-170.000000	98.476648	4549057
1	1	             minirad	0	5401.000000	-1029.600000	-170.000000	231.866338	4750428
1	1	          Polimaster	0	5461.000000	-1035.500000	-170.000000	80.997100	4835470
1	1	             minirad	0	5401.000000	-1029.600000	-170.000000	80.997100	4844782
1	1	          Polimaster	0	5461.000000	-1035.500000	-170.000000	73.444605	5440209
1	1	          Polimaster	0	5461.000000	-1035.500000	-170.000000	302.851000	245919
1	1	          Polimaster	0	5461.000000	-1035.500000	-170.000000	50.375300	565342
1	1	          Polimaster	0	5461.000000	-1035.500000	-170.000000	356.013000	1356721
1	1	          Polimaster	0	5461.000000	-1035.500000	-170.000000	173.422655	1396531
1	1	          Polimaster	0	5461.000000	-1035.500000	-170.000000	27.973567	1451872
1	1	                 ste	0	5557.000000	-1006.000000	-169.000000	172.548118	1677772
1	1	                 ste	0	5557.000000	-1006.000000	-169.000000	80.997100	2862960
1	1	          Polimaster	0	5461.000000	-1035.500000	-170.000000	60.775300	3081851
1	1	                 ste	0	5557.000000	-1006.000000	-169.000000	70.775849	3500039
1	1	          Polimaster	0	5461.000000	-1035.500000	-170.000000	30.973000	4407196
1	1	          Polimaster	0	5461.000000	-1035.500000	-170.000000	22.568981	5174876
1	1	             minirad	0	5401.000000	-1029.600000	-170.000000	30.973000	87688
1	1	          Polimaster	0	5461.000000	-1035.500000	-170.000000	34.920000	98972
1	1	                 ste	0	5557.000000	-1006.000000	-169.000000	30.539907	754135
1	1	          Polimaster	0	5461.000000	-1035.500000	-170.000000	356.013000	808037
1	1	                 ste	0	5557.000000	-1006.000000	-169.000000	80.997100	1041310
1	1	          Polimaster	0	5461.000000	-1035.500000	-170.000000	140.560666	1519072
1	1	             minirad	0	5401.000000	-1029.600000	-170.000000	30.973000	2129263
1	1	                 ste	0	5557.000000	-1006.000000	-169.000000	356.013000	2294375
1	1	                 ste	0	5557.000000	-1006.000000	-169.000000	34.920000	4183825
1	1	          Polimaster	0	5461.000000	-1035.500000	-170.000000	62.426716	4959476
1	1	          Polimaster	0	5461.000000	-1035.500000	-170.000000	106.209675	620277
1	1	          Polimaster	0	5461.000000	-1035.500000	-170.000000	356.013000	1060929
1	1	          Polimaster	0	5461.000000	-1035.500000	-170.000000	80.997100	1353317
1	1	          Polimaster	0	5461.000000	-1035.500000	-170.000000	30.973000	2273315
1	1	          Polimaster	0	5461.000000	-1035.500000	-170.000000	80.997100	2934855
1	1	                 ste	0	5557.000000	-1006.000000	-169.000000	96.822293	1963150
1	1	             minirad	0	5401.000000	-1029.600000	-170.000000	72.523198	3610929
1	1	          Polimaster	0	5461.000000	-1035.500000	-170.000000	171.347399	3910507
1	1	                 ste	0	5557.000000	-1006.000000	-169.000000	39.923562	5122039
1	1	             minirad	0	5401.000000	-1029.600000	-170.000000	181.552879	5277662
1	1	             minirad	0	5401.000000	-1029.600000	-170.000000	80.997100	5339995
1	1	          Polimaster	0	5461.000000	-1035.500000	-170.000000	80.997100	468275
1	1	                 ste	0	5557.000000	-1006.000000	-169.000000	53.162500	795365
1	1	          Polimaster	0	5461.000000	-1035.500000	-170.000000	52.690600	1665315
1	1	                 ste	0	5557.000000	-1006.000000	-169.000000	3.523800	4218051
1	1	          Polimaster	0	5461.000000	-1035.500000	-170.000000	30.973000	4431181
1	1	             minirad	0	5401.000000	-1029.600000	-170.000000	302.851000	5207899
1	1	                 ste	0	5557.000000	-1006.000000	-169.000000	74.230756	5442982
1	1	                 ste	0	5557.000000	-1006.000000	-169.000000	30.625000	5581539
1	1	          Polimaster	0	5461.000000	-1035.500000	-170.000000	356.013000	105235
1	1	             minirad	0	5401.000000	-1029.600000	-170.000000	80.997100	252843
1	1	             minirad	0	5401.000000	-1029.600000	-170.000000	95.477404	2181073
1	1	                 ste	0	5557.000000	-1006.000000	-169.000000	243.577124	2354489
1	1	          Polimaster	0	5461.000000	-1035.500000	-170.000000	75.589570	2573537
1	1	          Polimaster	0	5461.000000	-1035.500000	-170.000000	37.201538	2585188
1	1	          Polimaster	0	5461.000000	-1035.500000	-170.000000	181.472720	2703910
1	1	             minirad	0	5401.000000	-1029.600000	-170.000000	30.973000	4040226
1	1	                 ste	0	5557.000000	-1006.000000	-169.000000	11.806597	4246995
1	1	             minirad	0	5401.000000	-1029.600000	-170.000000	80.997100	4451736
1	1	             minirad	0	5401.000000	-1029.600000	-170.000000	356.013000	4681872
1	1	             minirad	0	5401.000000	-1029.600000	-170.000000	52.362613	5205139
1	1	                 ste	0	5557.000000	-1006.000000	-169.000000	30.973000	715098
1	1	                 ste	0	5557.000000	-1006.000000	-169.000000	67.265189	2236798
1	1	             minirad	0	5401.000000	-1029.600000	-170.000000	356.013000	2952349
1	1	                 ste	0	5557.000000	-1006.000000	-169.000000	118.309434	3262172
1	1	                 ste	0	5557.000000	-1006.000000	-169.000000	356.013000	4209714
1	1	                 ste	0	5557.000000	-1006.000000	-169.000000	60.969962	4234858
1	1	          Polimaster	0	5461.000000	-1035.500000	-170.000000	59.263870	4720074
1	1	                 ste	0	5557.000000	-1006.000000	-169.000000	80.997100	5482269
1	1	          Polimaster	0	5461.000000	-1035.500000	-170.000000	80.997100	754453
1	1	          Polimaster	0	5461.000000	-1035.500000	-170.000000	124.550593	936780
1	1	          Polimaster	0	5461.000000	-1035.500000	-170.000000	80.997100	1796583
1	1	          Polimaster	0	5461.000000	-1035.500000	-170.000000	153.820343	2356953
1	1	                 ste	0	5557.000000	-1006.000000	-169.000000	30.625000	2806062
1	1	                 ste	0	5557.000000	-1006.000000	-169.000000	150.863138	3113352
1	1	                 ste	0	5557.000000	-1006.000000	-169.000000	52.583175	364535
1	1	          Polimaster	0	5461.000000	-1035.500000	-170.000000	302.851000	950477
1	1	                 ste	0	5557.000000	-1006.000000	-169.000000	302.851000	2006468
1	1	          Polimaster	0	5461.000000	-1035.500000	-170.000000	80.997100	2772379
1	1	          Polimaster	0	5461.000000	-1035.500000	-170.000000	85.610275	3007294
1	1	                 ste	0	5557.000000	-1006.000000	-169.000000	80.997100	3354622
1	1	                 ste	0	5557.000000	-1006.000000	-169.000000	26.789534	5321321
1	1	                 ste	0	5557.000000	-1006.000000	-169.000000	34.987000	619031
1	1	          Polimaster	0	5461.000000	-1035.500000	-170.000000	30.625000	1483661
1	1	             minirad	0	5401.000000	-1029.600000	-170.000000	165.313047	1489067
1	1	          Polimaster	0	5461.000000	-1035.500000	-170.000000	70.096868	2137784
1	1	          Polimaster	0	5461.000000	-1035.500000	-170.000000	80.997100	3096464
1	1	             minirad	0	5401.000000	-1029.600000	-170.000000	178.763475	3104507
1	1	          Polimaster	0	5461.000000	-1035.500000	-170.000000	356.013000	4013302
1	1	                 ste	0	5557.000000	-1006.000000	-169.000000	80.997100	4293593
1	1	             minirad	0	5401.000000	-1029.600000	-170.000000	80.109199	4451739
1	1	          Polimaster	0	5461.000000	-1035.500000	-170.000000	61.818840	779424
1	1	                 ste	0	5557.000000	-1006.000000	-169.000000	77.486465	1742541
1	1	             minirad	0	5401.000000	-1029.600000	-170.000000	30.625000	2175804
1	1	                 ste	0	5557.000000	-1006.000000	-169.000000	80.997100	2456885
1	1	          Polimaster	0	5461.000000	-1035.500000	-170.000000	276.400000	2620388
1	1	                 ste	0	5557.000000	-1006.000000	-169.000000	223.237000	3062280
1	1	          Polimaster	0	5461.000000	-1035.500000	-170.000000	27.825461	3720104
1	1	             minirad	0	5401.000000	-1029.600000	-170.000000	79.390313	3825310
1	1	             minirad	0	5401.000000	-1029.600000	-170.000000	80.997100	4752850
1	1	                 ste	0	5557.000000	-1006.000000	-169.000000	77.201821	4766865
1	1	                 ste	0	5557.000000	-1006.000000	-169.000000	76.519329	5283074
1	1	             minirad	0	5401.000000	-1029.600000	-170.000000	200.722929	541064
1	1	             minirad	0	5401.000000	-1029.600000	-170.000000	30.625000	775778
1	1	                 ste	0	5557.000000	-1006.000000	-169.000000	30.973000	1220447
1	1	                 ste	0	5557.000000	-1006.000000	-169.000000	70.708442	1988537
1	1	          Polimaster	0	5461.000000	-1035.500000	-170.000000	77.672396	2470926
1	1	          Polimaster	0	5461.000000	-1035.500000	-170.000000	79.613900	3444745
1	1	                 ste	0	5557.000000	-1006.000000	-169.000000	111.149052	3615005
1	1	          Polimaster	0	5461.000000	-1035.500000	-170.000000	12.888995	4184844
1	1	             minirad	0	5401.000000	-1029.600000	-170.000000	121.591510	5415387
1	1	          Polimaster	0	5461.000000	-1035.500000	-170.000000	30.973000	251493
1	1	             minirad	0	5401.000000	-1029.600000	-170.000000	2.612366	1299804
1	1	          Polimaster	0	5461.000000	-1035.500000	-170.000000	34.987000	2655465
1	1	                 ste	0	5557.000000	-1006.000000	-169.000000	52.387600	2782111
1	1	                 ste	0	5557.000000	-1006.000000	-169.000000	86.427567	3830625
1	1	                 ste	0	5557.000000	-1006.000000	-169.000000	77.117198	4231263
1	1	                 ste	0	5557.000000	-1006.000000	-169.000000	74.172035	5021363
1	1	             minirad	0	5401.000000	-1029.600000	-170.000000	184.155208	450700
1	1	          Polimaster	0	5461.000000	-1035.500000	-170.000000	12.402201	3863363
1	1	             minirad	0	5401.000000	-1029.600000	-170.000000	112.455779	3953771
1	1	          Polimaster	0	5461.000000	-1035.500000	-170.000000	30.973000	4494873
1	1	             minirad	0	5401.000000	-1029.600000	-170.000000	138.157999	4621228
1	1	          Polimaster	0	5461.000000	-1035.500000	-170.000000	356.013000	4655773
1	1	                 ste	0	5557.000000	-1006.000000	-169.000000	30.973000	440493
1	1	                 ste	0	5557.000000	-1006.000000	-169.000000	80.997100	2529727
1	1	          Polimaster	0	5461.000000	-1035.500000	-170.000000	80.997100	2857784
1	1	             minirad	0	5401.000000	-1029.600000	-170.000000	144.735712	2918283
1	1	                 ste	0	5557.000000	-1006.000000	-169.000000	51.797682	3072000
1	1	                 ste	0	5557.000000	-1006.000000	-169.000000	80.997100	3153258
1	1	                 ste	0	5557.000000	-1006.000000	-169.000000	164.474032	5213780
1	1	             minirad	0	5401.000000	-1029.600000	-170.000000	30.625000	975668
1	1	                 ste	0	5557.000000	-1006.000000	-169.000000	111.010036	1081791
1	1	                 ste	0	5557.000000	-1006.000000	-169.000000	30.973000	2510914
1	1	                 ste	0	5557.000000	-1006.000000	-169.000000	108.243615	2638432
1	1	          Polimaster	0	5461.000000	-1035.500000	-170.000000	98.213705	3384028
1	1	                 ste	0	5557.000000	-1006.000000	-169.000000	203.406726	3528717
1	1	                 ste	0	5557.000000	-1006.000000	-169.000000	102.105319	3803719
1	1	             minirad	0	5401.000000	-1029.600000	-170.000000	132.635953	4324930
1	1	                 ste	0	5557.000000	-1006.000000	-169.000000	283.896456	5242048
1	1	                 ste	0	5557.000000	-1006.000000	-169.000000	79.613900	320316
1	1	             minirad	0	5401.000000	-1029.600000	-170.000000	134.490146	490534
1	1	                 ste	0	5557.000000	-1006.000000	-169.000000	118.475277	1810073
1	1	                 ste	0	5557.000000	-1006.000000	-169.000000	30.973000	4134383
1	1	             minirad	0	5401.000000	-1029.600000	-170.000000	383.848000	4773599
1	1	             minirad	0	5401.000000	-1029.600000	-170.000000	30.973000	1530401
1	1	                 ste	0	5557.000000	-1006.000000	-169.000000	80.997100	4077336
1	1	          Polimaster	0	5461.000000	-1035.500000	-170.000000	184.359219	4215157
1	1	                 ste	0	5557.000000	-1006.000000	-169.000000	78.097995	4576152
1	1	             minirad	0	5401.000000	-1029.600000	-170.000000	82.245683	4737151
1	1	                 ste	0	5557.000000	-1006.000000	-169.000000	80.997100	155461
1	1	          Polimaster	0	5461.000000	-1035.500000	-170.000000	302.851000	980936
1	1	             minirad	0	5401.000000	-1029.600000	-170.000000	302.851000	1382372
1	1	          Polimaster	0	5461.000000	-1035.500000	-170.000000	161.354837	1415284
1	1	          Polimaster	0	5461.000000	-1035.500000	-170.000000	97.683067	2612197
1	1	             minirad	0	5401.000000	-1029.600000	-170.000000	180.272401	3068846
1	1	             minirad	0	5401.000000	-1029.600000	-170.000000	153.057561	3217408
1	1	          Polimaster	0	5461.000000	-1035.500000	-170.000000	30.973000	3374373
1	1	                 ste	0	5557.000000	-1006.000000	-169.000000	34.365805	3642024
1	1	                 ste	0	5557.000000	-1006.000000	-169.000000	54.806405	3662654
1	1	                 ste	0	5557.000000	-1006.000000	-169.000000	163.792993	3959972
1	1	          Polimaster	0	5461.000000	-1035.500000	-170.000000	119.419901	4548221
1	1	             minirad	0	5401.000000	-1029.600000	-170.000000	101.316732	4608340
1	1	             minirad	0	5401.000000	-1029.600000	-170.000000	302.851000	5093469
1	1	                 ste	0	5557.000000	-1006.000000	-169.000000	61.279288	5215384
1	1	                 ste	0	5557.000000	-1006.000000	-169.000000	80.997100	1606313
1	1	          Polimaster	0	5461.000000	-1035.500000	-170.000000	30.625000	1737178
1	1	          Polimaster	0	5461.000000	-1035.500000	-170.000000	34.987000	2687077
1	1	          Polimaster	0	5461.000000	-1035.500000	-170.000000	79.613900	5472496
1	1	          Polimaster	0	5461.000000	-1035.500000	-170.000000	192.820468	1137
1	1	                 ste	0	5557.000000	-1006.000000	-169.000000	33.414815	343042
1	1	          Polimaster	0	5461.000000	-1035.500000	-170.000000	78.026479	1152563
1	1	             minirad	0	5401.000000	-1029.600000	-170.000000	25.519953	1476658
1	1	          Polimaster	0	5461.000000	-1035.500000	-170.000000	276.400000	1659116
1	1	          Polimaster	0	5461.000000	-1035.500000	-170.000000	128.262854	2336892
1	1	                 ste	0	5557.000000	-1006.000000	-169.000000	193.142068	2477211
1	1	          Polimaster	0	5461.000000	-1035.500000	-170.000000	166.083755	2590690
1	1	          Polimaster	0	5461.000000	-1035.500000	-170.000000	356.013000	2862971
1	1	                 ste	0	5557.000000	-1006.000000	-169.000000	30.973000	5490225
1	1	                 ste	0	5557.000000	-1006.000000	-169.000000	30.973000	262779
1	1	                 ste	0	5557.000000	-1006.000000	-169.000000	30.625000	606782
1	1	                 ste	0	5557.000000	-1006.000000	-169.000000	120.107914	803519
1	1	          Polimaster	0	5461.000000	-1035.500000	-170.000000	109.067413	999813
1	1	          Polimaster	0	5461.000000	-1035.500000	-170.000000	302.851000	4434809
1	1	                 ste	0	5557.000000	-1006.000000	-169.000000	30.490619	4607990
1	1	          Polimaster	0	5461.000000	-1035.500000	-170.000000	53.162500	4925051
1	1	                 ste	0	5557.000000	-1006.000000	-169.000000	177.438386	397471
1	1	                 ste	0	5557.000000	-1006.000000	-169.000000	267.469120	1029115
1	1	             minirad	0	5401.000000	-1029.600000	-170.000000	355.238500	1375375
1	1	          Polimaster	0	5461.000000	-1035.500000	-170.000000	302.851000	1389503
1	1	             minirad	0	5401.000000	-1029.600000	-170.000000	79.613900	2339994
1	1	          Polimaster	0	5461.000000	-1035.500000	-170.000000	30.625000	3048317
1	1	             minirad	0	5401.000000	-1029.600000	-170.000000	109.873690	3406193
1	1	                 ste	0	5557.000000	-1006.000000	-169.000000	237.521155	4201911
1	1	          Polimaster	0	5461.000000	-1035.500000	-170.000000	66.211020	4338864
1	1	          Polimaster	0	5461.000000	-1035.500000	-170.000000	356.013000	2237340
1	1	             minirad	0	5401.000000	-1029.600000	-170.000000	139.793139	2430312
1	1	          Polimaster	0	5461.000000	-1035.500000	-170.000000	173.002019	3166234
1	1	          Polimaster	0	5461.000000	-1035.500000	-170.000000	38.973547	3862714
1	1	             minirad	0	5401.000000	-1029.600000	-170.000000	302.851000	4636498
1	1	             minirad	0	5401.000000	-1029.600000	-170.000000	34.987000	5293789
1	1	                 ste	0	5557.000000	-1006.000000	-169.000000	356.013000	5635708
1	1	          Polimaster	0	5461.000000	-1035.500000	-170.000000	32.233008	1390587
1	1	                 ste	0	5557.000000	-1006.000000	-169.000000	99.201936	1673703
1	1	          Polimaster	0	5461.000000	-1035.500000	-170.000000	106.924410	2705973
1	1	             minirad	0	5401.000000	-1029.600000	-170.000000	174.718726	2948542
1	1	          Polimaster	0	5461.000000	-1035.500000	-170.000000	30.973000	4684979
1	1	             minirad	0	5401.000000	-1029.600000	-170.000000	108.343696	4937355
1	1	          Polimaster	0	5461.000000	-1035.500000	-170.000000	134.384565	5101808
1	1	          Polimaster	0	5461.000000	-1035.500000	-170.000000	80.997100	5174137
1	1	                 ste	0	5557.000000	-1006.000000	-169.000000	132.712342	797872
1	1	                 ste	0	5557.000000	-1006.000000	-169.000000	180.340278	2454523
1	1	             minirad	0	5401.000000	-1029.600000	-170.000000	120.172185	2681900
1	1	                 ste	0	5557.000000	-1006.000000	-169.000000	80.997100	2997803
1	1	                 ste	0	5557.000000	-1006.000000	-169.000000	70.373099	3394187
1	1	             minirad	0	5401.000000	-1029.600000	-170.000000	30.973000	3857131
1	1	                 ste	0	5557.000000	-1006.000000	-169.000000	30.973000	744912
1	1	          Polimaster	0	5461.000000	-1035.500000	-170.000000	30.973000	799264
1	1	                 ste	0	5557.000000	-1006.000000	-169.000000	30.973000	1446022
1	1	             minirad	0	5401.000000	-1029.600000	-170.000000	79.613900	1959634
1	1	          Polimaster	0	5461.000000	-1035.500000	-170.000000	71.831474	2143296
1	1	                 ste	0	5557.000000	-1006.000000	-169.000000	40.368215	2798608
1	1	          Polimaster	0	5461.000000	-1035.500000	-170.000000	80.997100	3048216
1	1	                 ste	0	5557.000000	-1006.000000	-169.000000	164.642619	3060773
